Multiple size <= 100
TEST 1 ARG:85 84 51 28 83 96 98 23 86 45 81 22 94 71 88 20 66 56 46 37 29 55 89 41 35 16 14 80 63 50 57 53 67 47 38 15 75 54 26 93 58 32 44 99 31 25 95 49 52 6 24 91 59 34 27 8 19 1 68 82 2 3 78 64 43 21 60 77 92 87 18 76 69 40 72 11 9 65 0 73 4 13 62 74 97 5 39 79 42 36 90 30 48 10 70 33 17 7 61 12 
TEST 2 ARG:70 60 85 3 91 93 55 29 98 89 62 79 31 20 21 44 22 97 71 84 1 74 25 75 49 78 69 72 26 5 19 36 50 64 6 46 7 8 30 4 67 94 54 51 32 35 42 27 65 39 33 66 77 41 16 37 95 9 53 14 0 18 43 87 82 90 96 73 15 83 86 58 76 88 45 2 63 23 81 34 80 52 38 47 12 57 92 56 24 68 99 13 11 59 10 28 48 40 17 61 
TEST 3 ARG:74 61 79 81 49 45 33 30 5 22 90 86 63 57 88 6 42 99 36 93 65 91 54 94 11 83 52 50 19 9 18 69 12 24 64 40 14 21 3 47 15 89 87 59 96 70 97 27 7 32 66 92 98 53 38 1 44 72 82 41 62 31 34 56 4 28 37 60 43 17 25 85 8 75 16 13 77 55 29 71 51 0 23 39 80 78 10 76 2 20 46 67 35 26 95 68 58 84 73 48 
TEST 4 ARG:9 50 73 80 10 19 55 52 91 43 93 2 82 79 67 66 77 32 88 25 72 90 41 42 1 8 96 3 57 75 48 0 87 15 99 49 11 40 51 12 5 71 92 69 26 44 58 33 63 54 30 16 85 94 60 29 95 61 81 86 14 64 45 56 47 46 74 98 20 17 7 97 65 35 62 76 21 31 22 34 78 68 53 36 13 37 39 70 89 28 84 18 6 24 27 23 59 83 38 4 
TEST 5 ARG:28 54 11 39 30 79 3 49 2 20 19 26 71 75 9 18 94 97 66 77 29 4 15 65 55 23 50 47 93 0 51 16 45 13 81 62 44 57 25 36 85 1 70 80 27 43 42 89 7 14 56 82 95 35 92 10 63 96 67 6 21 72 91 86 69 64 22 37 12 90 83 78 53 8 88 32 98 87 48 60 99 84 41 38 73 59 46 74 68 58 61 76 24 34 31 40 52 33 5 17 
TEST 6 ARG:1 64 47 59 48 68 60 75 4 49 31 81 40 10 53 96 2 57 22 28 32 24 54 65 42 12 85 7 90 92 56 19 88 70 67 99 26 71 33 97 58 20 66 11 8 78 0 91 23 69 9 74 51 39 79 15 80 30 45 87 36 44 35 14 6 37 34 5 16 18 62 29 93 52 25 84 82 98 38 17 43 83 3 41 55 46 72 63 21 77 13 27 73 95 61 50 76 86 94 89 
TEST 7 ARG:27 34 37 43 22 89 3 28 61 73 93 51 52 14 94 9 81 25 57 71 84 47 19 2 75 4 83 42 68 30 7 80 15 0 66 40 78 56 63 99 36 59 1 74 44 21 91 32 64 17 96 67 13 33 90 70 31 8 20 62 18 10 12 95 85 45 69 53 46 24 87 97 49 77 6 72 86 41 55 76 23 50 29 65 5 58 26 11 35 38 16 60 39 79 88 54 48 98 92 82 
TEST 8 ARG:68 54 90 89 94 62 44 80 72 28 45 9 1 70 20 92 88 12 73 41 63 61 42 51 32 29 69 34 27 93 37 75 77 10 71 98 86 40 55 95 23 43 57 82 84 18 24 35 50 56 49 91 3 46 60 83 19 39 17 6 79 7 11 66 30 52 0 87 64 38 21 16 2 53 33 97 22 31 78 15 8 59 58 5 26 74 76 67 85 4 81 14 65 99 47 96 13 25 48 36 
TEST 9 ARG:48 35 70 1 61 97 41 94 2 56 99 62 87 57 21 72 90 78 43 46 16 26 73 92 17 52 0 10 98 37 64 12 9 67 39 95 33 13 81 31 54 15 45 71 68 24 5 50 89 69 38 83 88 63 27 82 32 30 59 4 76 18 53 42 28 65 80 14 91 20 7 84 25 60 19 86 34 22 44 11 49 51 96 55 74 23 66 47 77 75 29 8 85 93 3 6 79 36 58 40 
TEST 10 ARG:3 27 99 65 93 51 62 81 18 36 21 23 31 4 12 84 24 59 55 39 85 35 37 78 54 8 41 22 20 32 33 90 7 11 6 86 77 44 16 98 87 60 66 79 17 26 76 0 88 9 83 64 53 25 97 58 82 69 74 1 72 28 49 67 13 19 34 2 29 96 48 5 75 46 63 89 70 42 10 40 57 30 80 38 95 45 68 50 15 14 61 47 73 71 56 43 52 94 92 91 
TEST 11 ARG:37 87 67 99 90 59 24 97 94 4 74 8 23 21 28 68 11 15 53 66 5 18 69 0 26 65 52 31 16 75 64 82 93 17 95 92 40 72 3 54 56 57 61 62 6 80 1 34 98 2 84 85 70 86 43 71 50 42 58 88 14 77 13 25 38 39 89 30 49 22 44 29 96 63 55 36 81 73 83 12 7 33 41 20 19 48 76 32 46 27 51 91 60 45 35 78 10 79 47 9 
TEST 12 ARG:63 20 10 97 64 87 12 5 59 17 8 4 58 82 75 37 85 71 80 62 72 50 30 3 39 86 95 67 57 6 92 1 44 53 9 43 26 35 94 78 13 42 46 65 29 69 36 96 68 55 90 61 27 51 40 31 66 14 81 79 93 88 23 54 7 76 21 19 77 83 89 24 48 28 18 49 60 16 33 45 84 2 73 34 52 41 74 15 22 47 70 11 0 56 32 38 99 25 91 98 
TEST 13 ARG:70 2 71 76 29 43 47 24 13 18 91 51 32 63 35 95 0 96 31 52 28 41 87 1 74 23 5 93 16 56 14 30 81 89 60 98 38 78 34 64 11 99 10 97 77 49 8 90 62 88 54 92 37 25 6 4 3 86 84 45 68 15 65 20 66 79 50 83 72 59 12 55 27 73 94 48 75 9 44 85 46 82 7 57 42 80 39 19 17 58 61 69 53 21 22 40 67 36 26 33 
TEST 14 ARG:17 14 54 45 24 52 22 77 85 35 27 1 2 8 83 95 41 60 84 96 86 82 5 99 18 37 61 78 16 58 68 7 70 21 53 67 71 73 63 25 43 26 69 34 20 11 76 72 48 75 98 92 12 93 79 64 51 88 74 55 9 42 6 81 49 23 56 59 10 46 4 30 36 50 0 57 44 38 91 62 32 65 33 31 15 40 66 29 39 94 97 47 19 3 89 80 87 28 13 90 
TEST 15 ARG:19 53 48 57 63 60 72 86 28 54 10 44 75 81 91 73 37 88 23 27 33 82 29 4 7 65 3 79 43 51 56 47 11 14 84 66 21 26 42 68 97 40 95 18 92 89 90 6 2 24 9 62 59 32 1 94 55 31 46 15 58 67 78 61 36 64 45 8 52 77 70 50 80 13 41 34 76 85 35 16 25 17 22 99 93 39 83 5 87 98 96 12 74 69 49 30 0 71 20 38 
TEST 16 ARG:17 90 41 63 54 25 80 78 98 81 67 26 51 79 89 16 72 34 23 40 2 84 87 19 53 44 32 85 11 36 60 56 99 88 28 93 96 66 52 73 61 10 74 57 69 75 33 55 38 91 15 64 29 58 30 94 46 1 3 50 45 14 68 49 8 13 95 24 59 4 39 97 21 9 82 83 70 0 20 86 27 77 47 7 31 48 71 37 12 76 62 65 22 43 6 35 92 18 5 42 
TEST 17 ARG:82 36 51 68 40 60 19 85 1 45 42 3 23 91 79 62 35 14 57 99 32 7 46 77 2 88 90 49 75 4 37 6 78 98 74 52 25 13 33 8 80 59 47 29 50 43 63 58 69 71 48 44 93 87 26 54 20 56 83 66 84 97 27 21 55 92 34 18 41 0 22 53 5 73 65 10 39 11 31 17 15 67 24 96 16 81 89 95 94 64 38 12 30 9 61 86 28 72 70 76 
TEST 18 ARG:16 89 17 68 25 62 93 26 83 81 58 7 78 90 92 32 10 72 69 80 22 3 30 11 33 94 88 43 39 45 99 51 77 27 56 75 34 95 91 41 47 87 79 9 4 55 44 59 64 67 98 86 63 70 38 73 2 13 82 61 19 40 23 5 53 96 50 21 14 0 18 20 6 15 28 74 12 84 31 46 71 57 97 42 8 66 37 60 52 35 1 65 49 29 54 76 48 24 36 85 
TEST 19 ARG:57 94 9 34 5 8 96 70 6 62 82 44 88 18 98 89 36 91 27 24 71 51 13 32 63 58 84 76 67 50 79 28 86 61 75 20 95 66 43 72 2 68 87 14 48 60 11 3 42 59 7 41 45 56 4 33 29 17 16 99 80 25 26 69 83 15 0 38 81 39 55 35 54 31 46 85 97 78 92 10 23 1 93 30 53 52 64 73 90 77 37 74 19 49 21 47 65 12 22 40 
TEST 20 ARG:34 7 79 85 45 53 91 32 20 92 50 96 77 69 94 83 11 84 64 59 95 6 9 40 30 14 65 41 46 39 10 23 49 78 22 75 62 31 43 37 51 56 88 47 52 28 76 81 2 97 29 57 48 13 5 74 70 80 42 44 99 72 4 3 18 86 15 67 27 63 19 54 71 38 0 82 35 89 8 66 90 12 73 24 26 25 16 87 55 68 98 21 36 93 1 58 61 33 60 17 
TEST 21 ARG:51 35 15 27 50 32 2 82 25 20 45 85 31 98 0 89 97 67 9 8 41 94 44 80 48 13 5 72 17 53 58 56 76 83 33 69 63 86 78 95 14 52 61 18 90 55 47 88 23 28 26 16 81 24 22 6 34 46 65 37 93 21 59 71 49 60 84 87 36 77 70 74 4 11 40 1 38 91 19 73 29 99 42 62 57 79 10 68 96 54 64 75 92 12 3 7 30 39 66 43 
TEST 22 ARG:8 95 17 11 90 28 58 85 26 94 83 60 73 35 16 62 43 1 92 10 46 56 64 57 13 74 75 86 29 59 36 23 71 20 0 52 82 61 79 69 12 30 15 63 32 49 7 68 18 67 97 99 19 3 40 44 78 77 31 87 76 50 34 72 84 42 25 37 22 2 51 21 88 41 6 65 96 81 89 47 4 48 27 54 91 53 93 80 98 39 33 24 66 70 5 45 9 14 38 55 
TEST 23 ARG:12 38 61 10 21 57 26 74 7 2 35 11 85 98 37 80 18 31 76 64 48 63 72 43 99 79 60 86 4 8 67 16 97 58 39 5 1 40 70 81 69 88 55 47 82 42 65 90 36 73 32 25 6 9 3 52 29 19 95 14 66 33 51 49 45 44 0 22 41 13 78 93 62 92 30 28 20 15 77 46 96 94 27 84 87 68 17 71 54 23 75 59 50 56 24 83 89 91 34 53 
TEST 24 ARG:2 58 16 25 67 87 41 1 28 55 80 9 17 59 47 15 6 19 74 48 94 61 83 22 38 75 81 60 51 33 32 88 70 95 73 63 90 34 96 82 56 78 45 5 72 46 40 26 50 69 65 98 21 62 76 85 92 66 13 49 93 3 30 8 10 12 54 29 97 7 24 89 71 68 53 36 14 86 18 84 52 91 35 11 57 23 0 43 37 77 79 39 99 20 42 64 44 27 31 4 
TEST 25 ARG:18 63 26 99 16 62 12 53 98 30 80 60 71 85 82 23 55 37 46 95 44 9 8 52 97 31 88 73 41 50 33 38 96 39 2 28 20 25 61 90 29 15 69 94 86 67 3 84 87 92 81 70 64 93 34 40 51 83 11 49 42 19 45 14 66 78 0 10 17 59 72 35 65 54 6 74 56 1 77 32 75 43 58 89 22 36 27 21 68 79 47 4 91 57 7 76 24 48 5 13 
TEST 26 ARG:97 51 75 35 0 98 18 38 42 88 86 87 2 39 57 74 90 64 65 21 19 3 43 11 89 93 9 32 56 45 47 68 22 36 62 91 95 37 63 70 1 50 83 80 20 17 26 58 40 79 33 7 71 10 99 59 92 84 4 14 29 94 27 72 24 15 28 23 73 6 81 52 67 78 53 13 48 34 82 76 5 12 49 54 16 69 60 30 41 44 85 8 31 61 96 46 77 66 25 55 
TEST 27 ARG:68 59 32 88 13 98 57 55 9 87 69 77 11 94 31 4 47 28 38 45 76 15 25 67 21 82 91 46 81 24 48 3 80 14 62 90 63 10 2 70 85 50 39 22 83 16 6 35 30 96 7 40 95 20 43 73 37 8 92 36 61 5 27 34 23 79 97 78 18 1 17 49 86 52 56 12 84 0 44 58 75 72 19 29 64 33 60 99 53 51 42 41 54 93 71 74 65 89 26 66 
TEST 28 ARG:14 43 45 58 16 81 76 8 85 3 75 37 31 6 21 50 10 64 70 96 17 74 26 54 71 72 60 99 41 69 98 7 28 47 61 95 53 55 89 35 5 97 25 23 63 48 65 1 24 39 87 11 34 18 94 12 49 4 20 38 27 40 19 30 13 66 57 22 0 84 77 32 80 59 51 33 56 29 86 42 88 36 67 92 79 73 90 78 46 15 2 44 91 93 62 68 9 83 52 82 
TEST 29 ARG:82 4 37 34 19 38 86 47 53 90 42 49 78 94 89 9 15 85 84 65 22 52 44 87 27 16 97 26 5 56 28 55 69 98 64 13 1 63 76 29 57 33 40 35 12 54 80 23 32 8 61 60 3 79 7 24 58 39 77 72 31 43 62 74 83 66 14 17 95 68 46 92 50 96 73 75 88 51 99 59 91 11 70 20 93 18 2 48 71 67 6 41 81 0 25 45 21 36 10 30 
TEST 30 ARG:7 51 91 68 23 8 53 99 49 15 38 92 28 73 2 3 42 89 88 69 56 36 67 77 65 97 25 58 47 14 33 96 87 70 39 17 21 18 10 59 75 72 20 78 44 35 84 62 98 1 41 63 24 40 32 94 57 46 71 29 16 60 76 66 64 80 54 95 11 5 74 6 45 30 12 82 13 31 34 83 4 52 22 27 55 48 9 26 19 90 50 43 37 93 61 86 85 81 79 0 
TEST 31 ARG:5 34 16 70 21 57 97 43 30 40 48 54 44 4 0 28 88 52 2 64 26 53 22 76 56 32 24 27 31 85 9 45 94 91 51 18 14 20 68 65 47 10 29 78 35 61 67 17 79 55 84 8 75 96 81 49 71 93 89 50 58 38 46 33 25 6 12 95 74 92 36 37 11 62 80 77 1 98 41 39 60 83 13 73 23 87 99 82 7 86 63 19 90 3 66 15 72 69 59 42 
TEST 32 ARG:56 90 99 23 66 3 17 18 87 47 80 34 25 64 82 5 86 57 32 44 69 74 59 4 93 6 40 53 73 20 7 84 37 89 68 76 19 39 1 14 46 51 63 42 52 61 50 10 15 41 2 77 97 85 0 48 75 33 31 35 54 12 60 67 24 16 26 94 62 45 79 91 11 36 72 78 92 81 55 88 21 58 29 8 65 30 27 83 22 70 96 28 13 95 98 38 9 43 49 71 
TEST 33 ARG:84 49 41 63 81 19 37 96 34 95 62 12 87 46 57 85 27 56 11 64 75 48 22 16 47 79 18 77 73 90 43 3 5 39 58 83 82 70 25 50 66 32 8 92 99 4 52 91 78 51 74 42 54 6 21 40 15 86 31 35 20 98 26 71 0 14 9 7 76 17 33 59 13 93 36 60 10 23 29 67 53 97 24 1 80 30 38 55 44 28 72 2 68 94 89 45 69 61 65 88 
TEST 34 ARG:59 80 17 89 50 64 43 37 42 56 84 97 98 76 22 3 18 66 15 40 70 82 38 27 14 4 75 21 74 28 35 68 36 26 72 30 71 73 69 88 90 83 10 86 20 58 5 60 8 46 6 39 91 48 34 57 31 87 99 85 7 94 45 53 92 51 77 12 96 67 1 41 93 23 62 61 25 9 16 49 0 11 13 65 95 32 78 47 52 2 19 29 44 63 81 24 33 55 54 79 
TEST 35 ARG:93 11 13 76 18 22 29 92 43 64 58 51 42 97 84 65 2 49 61 31 47 95 34 63 23 10 4 53 41 30 5 55 16 88 73 27 39 33 98 56 78 28 91 70 94 46 48 83 26 40 20 59 37 6 89 90 68 75 60 44 17 99 9 74 12 35 80 81 19 24 25 15 36 96 79 77 8 7 50 1 3 82 86 66 67 69 32 0 85 54 21 14 72 71 62 45 52 87 38 57 
TEST 36 ARG:13 43 52 66 32 22 67 64 9 98 49 74 58 39 68 87 10 81 69 88 91 89 63 72 44 16 80 70 46 5 42 96 71 41 60 29 99 28 82 2 57 93 79 12 50 17 40 11 37 0 31 53 84 83 19 55 23 75 48 36 38 4 97 30 6 45 95 34 65 90 20 86 77 8 78 1 7 15 24 14 51 76 62 59 21 56 26 25 47 73 3 54 61 35 92 94 18 85 27 33 
TEST 37 ARG:8 89 56 13 5 71 38 24 62 77 84 32 70 10 16 26 82 17 97 87 69 29 2 48 41 4 75 94 51 35 9 92 63 91 50 25 95 61 36 21 68 66 15 0 52 40 96 11 72 67 60 86 22 6 54 49 74 42 30 1 20 19 76 81 14 53 47 45 27 44 79 57 99 98 80 73 46 34 3 28 78 93 33 7 12 65 31 39 18 90 37 59 64 58 85 23 83 55 88 43 
TEST 38 ARG:50 54 84 66 89 29 67 14 31 3 90 36 32 15 82 73 27 24 35 68 52 26 71 39 34 78 75 47 7 80 45 1 22 69 93 97 44 53 48 30 5 40 62 79 2 33 9 38 95 61 21 56 37 16 88 12 57 94 83 59 8 20 85 41 81 77 43 92 42 11 76 19 17 98 6 13 18 86 65 23 49 0 46 99 91 55 96 60 51 25 72 64 74 28 58 10 87 4 70 63 
TEST 39 ARG:9 47 86 39 28 23 21 85 37 92 13 64 56 76 93 88 22 36 71 26 80 82 49 45 62 68 54 27 24 66 57 69 3 63 97 10 60 25 78 0 95 29 99 61 15 8 31 55 14 44 89 41 48 75 20 19 72 83 81 18 87 74 11 59 53 98 5 79 12 35 94 91 90 73 50 32 7 16 2 58 52 4 65 42 84 34 43 96 1 38 6 17 33 70 51 67 46 40 77 30 
TEST 40 ARG:58 16 52 91 61 46 3 1 42 8 14 4 89 29 97 88 72 83 60 9 11 98 6 7 64 18 2 23 82 49 86 25 78 94 41 75 80 59 68 0 17 48 77 66 30 22 54 55 87 57 5 92 20 40 31 93 38 47 33 26 35 19 67 99 96 62 34 63 73 84 39 69 13 43 76 24 85 79 27 28 50 15 37 65 32 45 12 53 36 44 81 74 21 56 70 95 51 90 10 71 
TEST 41 ARG:94 16 83 21 88 69 87 96 79 89 39 75 41 98 38 81 46 15 99 44 76 40 27 23 24 92 50 91 8 56 48 86 33 54 2 70 85 26 18 49 90 5 57 28 25 47 29 84 74 93 78 60 52 95 45 7 59 66 62 55 1 11 53 51 68 10 9 31 19 30 65 63 71 20 14 61 36 97 37 6 82 12 3 34 42 17 77 67 73 80 0 13 35 4 64 43 22 58 72 32 
TEST 42 ARG:46 58 92 64 30 28 52 90 18 54 94 48 86 32 55 85 34 76 84 98 24 43 11 65 62 87 79 71 16 99 78 89 8 39 53 4 72 9 81 19 51 38 69 97 44 82 63 47 93 95 17 75 22 6 2 26 96 1 60 77 35 41 14 40 3 56 50 68 15 91 57 7 49 73 0 33 80 25 59 67 74 37 20 36 31 45 10 83 70 12 5 61 88 42 27 13 21 29 66 23 
TEST 43 ARG:61 28 80 73 58 78 2 93 25 35 12 3 97 7 72 96 47 29 69 40 50 98 30 38 34 19 15 18 83 71 39 79 20 81 42 74 85 11 87 52 70 4 16 84 27 21 94 51 37 23 26 91 88 66 43 68 14 33 5 90 82 48 60 13 89 95 92 62 46 6 57 41 31 59 9 77 32 63 8 10 56 76 49 86 99 64 53 54 1 44 17 45 22 0 24 75 36 55 65 67 
TEST 44 ARG:95 96 87 69 46 73 40 30 19 6 3 13 59 28 91 88 38 79 97 22 67 41 29 25 15 7 32 93 2 48 14 65 37 0 84 90 51 61 34 12 42 58 60 21 49 33 50 17 55 66 16 77 94 89 11 64 78 56 26 86 9 8 75 43 74 71 92 27 24 98 35 53 39 82 52 18 72 81 70 5 76 4 85 54 20 99 80 10 44 83 31 63 1 36 23 68 45 47 62 57 
TEST 45 ARG:44 23 83 18 49 96 11 43 65 98 8 50 59 64 39 24 86 12 38 28 71 57 99 69 61 92 48 70 58 40 33 91 36 31 74 29 82 80 56 79 15 6 27 95 67 94 72 77 89 37 26 63 78 54 22 66 73 32 10 3 2 45 52 25 21 5 17 41 7 13 62 19 34 60 1 35 16 20 93 53 85 55 51 9 75 42 68 14 4 87 84 90 46 47 76 97 0 30 88 81 
TEST 46 ARG:45 88 58 68 35 70 63 41 28 66 82 16 17 11 57 77 4 97 51 64 95 61 56 55 6 5 79 96 23 65 15 9 47 8 22 89 32 13 1 12 3 87 98 25 83 43 37 62 46 60 7 30 19 29 69 31 75 40 34 42 10 71 90 39 99 86 26 53 54 44 73 84 72 27 59 24 85 21 33 49 20 36 38 18 92 76 50 67 2 93 80 78 94 0 14 74 91 48 52 81 
TEST 47 ARG:47 18 75 2 48 11 62 3 17 68 22 36 8 55 79 10 70 98 80 31 26 82 78 81 1 54 25 90 44 63 83 5 4 42 87 85 43 92 60 0 57 52 16 12 24 45 72 41 99 86 89 84 58 53 40 77 29 32 73 23 66 49 28 71 9 69 96 46 39 33 35 34 21 13 19 15 37 97 51 30 65 94 6 56 74 93 61 27 59 64 14 50 95 76 67 38 20 7 88 91 
TEST 48 ARG:17 2 29 14 27 75 38 36 93 50 63 74 49 0 41 28 54 72 57 13 96 55 34 77 67 46 78 30 25 40 5 11 22 60 91 31 3 1 99 97 79 84 42 48 6 4 16 92 53 26 81 80 24 89 62 83 82 51 39 33 73 58 68 86 44 10 59 69 88 85 21 37 20 9 56 12 7 18 64 52 66 61 45 19 8 94 95 98 32 23 70 90 71 43 15 65 87 76 35 47 
TEST 49 ARG:93 50 94 54 43 35 65 56 80 33 44 95 57 1 51 62 48 40 98 20 61 79 69 9 53 63 11 3 91 70 81 92 78 30 16 21 6 14 67 76 87 46 89 84 29 31 58 17 7 74 4 47 45 96 18 38 25 72 36 82 28 13 71 42 34 83 73 99 64 59 10 66 19 60 90 55 15 0 88 2 68 26 24 8 5 32 86 75 97 52 85 39 37 23 41 27 77 49 12 22 
TEST 50 ARG:50 55 74 6 68 0 4 95 88 70 92 62 45 94 46 54 87 13 14 86 66 91 40 59 9 32 36 56 23 65 28 85 1 79 5 73 51 69 24 63 15 2 43 42 58 25 33 47 29 97 75 44 82 93 27 53 60 83 18 96 7 49 48 67 19 98 90 38 3 22 37 71 89 10 11 17 78 64 31 76 12 84 52 39 16 61 20 8 77 21 72 30 35 26 99 34 41 81 57 80 
TEST 51 ARG:18 71 98 59 66 61 95 24 9 55 49 67 2 52 46 72 23 31 16 26 79 76 11 28 4 73 84 87 47 90 21 85 29 48 39 1 25 74 7 41 19 99 30 60 91 45 35 15 88 53 57 5 64 77 0 70 36 94 22 97 42 50 40 6 17 32 37 86 14 80 63 56 43 38 51 8 44 75 96 54 34 12 83 78 58 33 81 92 69 10 93 13 62 27 89 82 20 68 3 65 
TEST 52 ARG:98 6 50 72 3 24 31 18 9 12 52 96 35 79 68 86 61 49 51 11 75 48 39 22 92 45 1 76 36 84 44 46 95 26 41 54 10 7 27 28 57 5 17 82 58 53 37 73 56 42 40 66 85 87 67 55 80 70 90 94 97 13 20 65 62 89 29 91 47 14 77 0 25 2 69 34 74 60 71 64 63 99 33 8 93 32 16 23 81 21 38 43 30 15 88 78 59 83 4 19 
TEST 53 ARG:40 60 24 19 88 58 43 78 97 39 7 18 15 29 69 17 50 30 98 90 16 41 82 95 70 77 26 34 62 68 67 65 8 52 84 61 2 20 23 38 51 9 64 92 91 11 3 36 66 4 83 45 96 53 27 80 48 75 86 55 72 73 47 63 44 6 85 89 25 59 10 42 79 46 5 99 49 74 21 32 22 93 94 54 87 1 35 0 71 81 33 13 31 57 37 14 56 28 76 12 
TEST 54 ARG:64 93 18 76 13 30 24 57 26 2 16 91 15 59 29 60 23 27 92 84 42 79 14 1 44 75 66 68 65 95 17 58 50 12 78 49 34 33 6 32 70 11 54 82 69 21 43 20 9 90 63 98 0 53 99 45 89 38 83 96 47 71 31 74 3 28 7 4 19 87 85 88 55 25 81 86 62 35 36 67 97 40 51 37 41 73 46 48 72 94 39 22 80 8 10 52 77 61 56 5 
TEST 55 ARG:48 52 93 14 87 4 49 36 58 84 67 17 39 28 71 12 33 15 99 13 92 50 73 23 85 62 88 78 26 90 51 11 41 45 42 61 56 29 34 96 32 3 89 46 83 18 44 54 63 19 60 91 72 57 16 9 76 59 7 21 98 94 10 6 64 24 65 79 69 1 2 82 97 77 66 5 95 70 81 74 22 20 38 47 30 75 80 55 35 0 37 31 68 40 43 8 25 86 53 27 
TEST 56 ARG:6 49 87 99 0 55 72 88 37 2 61 35 95 4 83 75 67 29 30 52 96 40 45 78 89 66 19 59 11 38 39 62 68 5 92 8 14 63 73 17 16 51 10 81 28 56 33 91 82 26 3 85 70 65 48 27 46 54 90 50 80 93 7 74 94 12 98 71 41 32 21 9 64 76 25 60 47 34 13 36 42 57 69 23 43 44 31 22 24 15 18 58 77 86 1 97 20 79 84 53 
TEST 57 ARG:39 67 17 51 76 18 6 10 30 4 62 40 97 84 25 98 22 55 7 33 50 29 37 11 5 8 24 87 35 48 92 43 27 36 9 21 46 77 69 74 68 99 65 93 14 16 96 94 42 80 19 82 31 58 70 73 52 66 79 44 49 86 72 32 47 12 53 90 95 41 59 45 0 28 63 2 75 3 60 20 34 71 56 81 64 61 83 85 89 78 26 88 91 38 57 23 15 1 54 13 
TEST 58 ARG:80 28 88 89 52 91 53 83 29 74 9 31 17 42 19 85 84 72 68 59 79 82 65 46 13 54 66 0 11 7 78 25 23 90 77 98 50 71 16 95 56 2 36 63 3 45 1 35 34 32 69 81 87 12 30 6 97 24 37 40 55 38 4 48 94 58 92 5 64 10 86 33 14 49 47 61 44 51 20 93 15 26 27 62 8 41 43 73 22 67 21 70 96 57 39 76 60 18 75 99 
TEST 59 ARG:34 49 56 87 74 10 65 31 48 64 37 14 41 6 3 38 66 2 93 35 67 15 44 80 90 40 79 73 68 27 22 84 72 23 8 59 96 85 42 25 71 88 30 29 54 58 62 33 60 75 20 95 11 77 24 53 32 7 82 51 78 1 61 52 81 9 21 63 0 18 50 46 97 76 13 92 45 19 43 98 17 5 70 94 99 83 36 91 4 57 39 28 26 16 47 69 12 86 55 89 
TEST 60 ARG:79 86 43 94 81 2 39 20 47 97 15 57 13 77 45 34 33 40 83 53 62 69 14 59 64 25 72 60 31 61 76 85 80 42 6 24 32 10 71 0 92 36 67 35 96 63 78 48 95 90 58 74 7 27 98 93 73 8 68 22 5 70 65 89 50 88 51 4 17 26 38 66 11 52 30 28 12 1 91 56 75 21 54 18 29 49 16 44 37 82 46 9 87 55 23 41 19 99 84 3 
TEST 61 ARG:62 52 20 59 25 85 74 92 11 65 13 12 93 54 51 72 50 30 76 38 35 89 58 57 86 81 75 3 18 60 94 71 69 97 91 66 26 15 96 98 5 73 0 45 68 4 32 17 77 80 70 46 43 1 19 95 79 10 8 61 56 84 48 90 44 29 9 78 53 31 37 83 41 87 28 24 23 21 27 88 6 14 39 33 82 64 49 99 47 16 7 55 34 40 63 42 2 67 22 36 
TEST 62 ARG:39 98 10 4 30 51 27 95 41 76 33 45 67 7 96 86 11 99 55 34 20 47 17 9 40 57 42 28 19 22 53 74 16 71 85 15 26 37 32 54 0 5 88 80 8 73 14 21 43 3 90 2 12 92 62 44 81 56 77 13 50 75 83 70 78 61 65 35 46 68 59 18 29 38 87 24 23 1 25 84 64 82 49 52 36 60 31 93 69 63 6 94 89 66 48 79 91 58 72 97 
TEST 63 ARG:4 97 98 21 36 91 48 61 81 43 83 86 88 13 47 23 35 78 0 31 11 25 66 95 14 51 84 72 33 27 94 75 9 71 93 16 10 24 53 15 18 65 19 32 64 85 22 37 52 7 87 41 50 80 45 77 76 69 63 39 67 6 17 8 62 44 89 99 70 74 28 1 92 58 54 38 90 82 56 79 20 68 55 96 57 42 12 29 49 73 40 46 2 59 5 30 26 60 3 34 
TEST 64 ARG:94 29 81 95 11 53 8 49 51 83 99 28 98 36 48 58 73 50 31 20 0 88 38 86 3 25 93 33 67 64 5 46 90 47 41 56 89 59 68 19 17 16 92 6 24 34 74 96 82 61 22 12 55 2 26 69 57 70 75 9 91 44 35 71 43 79 45 97 63 40 32 42 60 21 4 65 39 85 37 23 84 30 72 10 13 18 14 15 62 66 52 7 80 78 27 54 87 77 76 1 
TEST 65 ARG:72 7 81 26 79 65 15 94 16 86 96 47 90 9 40 68 46 18 53 1 67 42 49 25 36 93 33 22 63 45 11 99 76 57 43 61 6 24 31 4 3 0 80 55 85 29 58 54 97 14 82 30 32 75 87 28 17 56 37 64 71 70 88 35 59 51 20 44 5 62 21 8 66 74 92 52 69 23 2 95 41 12 34 73 77 39 50 38 10 91 84 27 89 48 98 13 60 19 83 78 
TEST 66 ARG:75 25 12 92 39 44 3 10 1 8 77 90 46 79 41 67 35 54 26 85 23 32 70 48 52 65 22 68 89 69 97 14 66 87 61 73 94 64 80 34 60 28 4 27 63 86 18 47 17 78 93 71 30 42 38 29 57 49 45 50 88 16 40 62 24 98 59 91 0 99 95 96 20 36 7 11 58 21 82 83 2 19 76 55 15 13 9 31 5 72 74 84 6 81 56 37 43 33 51 53 
TEST 67 ARG:3 12 60 35 99 96 58 86 44 26 42 82 85 24 94 36 61 72 63 5 19 70 8 62 10 68 87 56 76 71 51 15 65 78 32 20 81 0 22 90 9 17 43 98 74 97 93 79 30 37 91 47 33 80 40 83 31 13 6 55 23 67 21 66 16 46 69 64 1 73 48 2 88 57 7 49 27 52 92 45 59 18 77 95 11 4 29 54 50 39 75 53 84 34 28 25 89 38 14 41 
TEST 68 ARG:96 34 44 3 58 9 48 26 74 6 23 15 63 39 57 59 35 76 71 18 78 33 77 93 81 65 89 87 38 62 97 92 28 8 69 52 21 10 46 83 7 73 30 22 19 0 47 68 61 17 99 84 4 32 14 82 41 20 79 11 70 36 90 88 72 2 53 1 51 49 94 40 80 98 16 5 66 60 13 43 54 25 37 24 67 64 75 86 85 31 56 45 29 42 50 12 91 55 27 95 
TEST 69 ARG:76 48 7 33 93 43 68 19 62 34 46 22 3 35 13 66 90 14 74 26 5 72 6 41 80 31 52 58 78 39 4 25 1 77 75 81 60 99 20 82 70 40 47 44 71 36 84 88 15 98 97 2 24 61 27 11 69 55 92 95 10 9 63 37 59 21 65 23 56 67 12 0 16 45 49 87 73 8 57 29 42 54 85 28 96 64 83 94 50 53 79 38 30 86 51 91 89 18 32 17 
TEST 70 ARG:54 39 14 20 62 45 27 28 81 41 13 19 48 5 57 68 53 65 34 1 79 89 33 73 61 74 59 69 95 6 93 63 72 38 24 16 51 3 32 94 26 25 83 77 88 78 84 7 15 96 50 56 47 12 91 76 36 64 86 46 99 85 58 31 82 35 87 22 97 37 30 40 43 4 44 18 2 42 71 21 8 17 29 80 60 67 90 66 0 23 70 9 75 55 10 11 49 98 52 92 
TEST 71 ARG:16 32 89 18 22 3 75 72 41 61 55 94 14 98 71 42 96 67 54 86 70 95 83 37 93 53 97 65 44 21 23 20 17 28 76 82 91 63 25 0 79 33 64 29 2 59 85 13 11 9 27 46 31 26 68 39 80 34 45 73 58 50 74 6 35 38 49 78 48 10 8 69 19 57 66 81 15 62 36 77 60 5 84 7 56 99 40 87 52 51 43 24 90 92 47 30 4 1 12 88 
TEST 72 ARG:75 52 54 6 81 65 66 17 89 53 47 48 0 35 96 7 62 93 29 40 25 63 74 58 85 60 59 36 14 39 91 79 27 26 41 13 94 31 99 12 45 86 90 97 20 11 37 69 68 82 80 43 92 61 55 4 67 87 78 2 98 95 33 71 72 5 64 51 49 57 32 28 34 23 38 83 3 77 8 30 1 76 42 22 21 46 70 16 18 15 19 10 84 24 50 73 88 9 56 44 
TEST 73 ARG:98 74 46 65 35 12 95 17 58 86 42 89 84 32 47 53 13 40 76 72 10 45 31 41 93 99 90 36 87 51 59 88 28 33 97 44 66 2 94 55 16 54 80 63 48 3 20 23 27 49 92 0 43 11 68 64 22 8 96 37 4 6 83 82 34 70 38 52 1 25 67 15 9 79 50 24 78 29 56 18 69 71 26 60 7 5 91 14 62 30 21 19 73 75 61 39 77 85 57 81 
TEST 74 ARG:61 76 6 27 83 35 66 37 58 71 99 72 21 34 49 33 55 43 8 74 9 14 29 91 78 62 81 1 70 80 26 95 11 46 90 56 86 47 63 65 42 32 2 44 12 31 17 19 0 20 67 18 40 13 22 79 23 82 75 85 96 24 54 41 50 84 89 68 60 98 69 52 94 25 28 97 3 51 93 87 64 15 57 77 39 48 16 53 7 36 73 10 38 45 4 5 30 92 88 59 
TEST 75 ARG:50 25 27 9 70 34 56 8 76 24 49 11 98 41 1 85 99 36 21 30 37 14 67 74 0 23 28 35 51 7 80 29 43 2 45 46 19 87 60 17 22 64 40 69 75 15 57 66 73 44 13 71 33 58 26 84 31 72 95 93 97 53 32 61 59 89 55 92 91 79 62 77 81 18 20 5 54 88 10 3 83 6 12 68 47 82 16 42 63 86 94 48 39 65 52 38 4 90 96 78 
TEST 76 ARG:33 29 19 15 12 59 13 85 55 32 0 4 48 37 1 3 44 2 41 31 93 96 21 66 36 47 49 28 99 6 89 23 17 10 25 71 22 11 84 67 53 77 65 68 63 30 70 64 60 74 42 26 24 92 75 82 58 35 8 86 69 5 50 73 81 61 80 34 97 7 16 88 79 62 46 83 27 91 72 98 57 43 39 78 95 52 9 87 40 18 45 76 20 90 51 14 38 94 54 56 
TEST 77 ARG:68 90 31 71 84 77 96 34 32 74 27 85 25 55 73 7 26 89 1 50 28 35 80 3 52 56 16 99 6 10 43 88 37 98 95 72 17 92 83 9 42 60 18 70 45 59 15 11 58 41 23 39 78 44 20 2 46 19 48 75 61 66 0 57 13 38 81 12 33 22 91 5 76 47 79 49 87 36 4 53 69 65 82 24 93 54 64 62 67 30 97 86 21 40 94 29 63 14 51 8 
TEST 78 ARG:8 22 30 3 20 70 67 27 11 14 25 76 37 26 6 94 4 2 98 65 61 59 48 91 82 86 78 17 45 1 12 81 23 42 18 92 33 35 63 44 69 75 99 84 32 24 80 39 72 95 90 89 19 56 58 7 31 40 93 51 34 16 47 41 60 97 57 15 5 46 71 85 64 53 87 43 36 55 0 52 10 66 96 79 77 38 62 9 50 54 88 29 13 28 68 73 49 21 83 74 
TEST 79 ARG:13 53 30 5 85 25 3 22 39 61 78 7 37 33 1 56 82 0 29 72 12 4 94 59 42 31 26 92 20 2 83 74 17 51 96 35 60 11 16 86 38 43 6 76 81 70 14 71 91 73 58 66 64 52 89 65 93 80 8 63 32 44 19 10 99 55 87 54 36 21 57 28 34 62 47 46 15 97 90 68 77 24 50 40 48 88 45 27 75 41 23 84 69 79 98 95 49 9 18 67 
TEST 80 ARG:86 8 28 60 39 5 89 55 48 19 80 70 76 49 64 72 12 54 73 6 7 34 15 29 26 68 18 67 13 37 94 66 77 25 99 78 69 41 38 59 88 82 83 24 45 17 51 50 10 85 71 52 56 40 9 11 53 57 0 65 16 61 33 43 96 30 3 95 23 58 46 32 74 81 21 47 42 62 98 84 44 27 92 31 93 79 4 22 75 35 2 63 91 20 90 36 97 14 87 1 
TEST 81 ARG:91 93 80 48 49 55 52 44 2 3 51 38 32 41 12 63 36 60 97 86 69 99 26 74 1 18 31 56 76 17 75 71 24 85 40 9 33 82 54 16 78 70 96 90 65 61 6 98 68 34 50 79 59 37 42 8 89 28 92 94 15 87 13 73 22 46 72 10 43 25 21 23 66 58 11 39 83 95 35 45 77 29 88 47 81 84 30 57 53 62 27 4 64 67 20 19 0 14 7 5 
TEST 82 ARG:50 81 68 58 24 2 19 38 33 55 90 4 80 30 23 85 3 32 35 65 15 67 9 77 99 6 25 10 18 22 57 87 83 45 52 8 44 26 78 28 97 12 34 82 0 36 91 13 89 41 74 51 75 94 21 88 37 53 7 72 46 60 31 98 73 64 5 40 70 59 43 54 66 93 49 17 84 79 42 62 92 27 76 47 69 1 56 96 63 16 11 71 20 86 61 14 95 48 39 29 
TEST 83 ARG:77 68 74 6 82 84 71 36 17 79 8 85 21 81 44 37 16 64 7 41 54 76 28 86 34 39 63 88 78 30 22 33 45 11 48 10 3 52 31 2 95 27 83 69 87 61 94 65 91 29 24 72 66 32 51 20 60 18 4 47 73 58 25 90 15 55 93 70 35 59 62 75 19 97 67 26 80 53 49 23 46 13 92 38 50 5 42 56 14 96 89 0 9 98 40 43 99 57 12 1 
TEST 84 ARG:49 65 55 39 68 58 8 42 18 57 34 2 35 52 93 81 95 66 3 80 4 90 6 26 51 76 94 87 40 10 92 16 46 31 83 32 37 43 67 33 30 75 15 97 17 61 56 79 96 22 20 13 86 63 71 91 36 73 14 59 47 27 44 9 38 78 62 89 7 24 29 82 88 45 64 41 70 54 53 21 72 50 23 99 11 19 98 85 84 0 77 60 1 69 74 25 12 28 48 5 
TEST 85 ARG:18 19 6 76 98 54 77 86 85 66 61 60 69 11 30 82 32 29 62 80 68 38 8 70 40 17 13 75 59 5 63 78 95 65 14 72 57 51 24 91 21 45 53 88 58 39 52 37 22 74 7 41 47 83 27 36 94 73 20 25 44 1 0 10 49 43 55 79 46 96 48 2 89 23 84 31 4 9 34 99 97 92 12 71 93 90 28 64 67 42 56 81 3 87 26 35 16 50 33 15 
TEST 86 ARG:78 40 38 22 46 45 11 41 26 93 86 75 99 53 39 98 20 25 33 92 56 80 59 1 57 3 10 60 79 34 49 64 30 13 24 81 94 70 71 89 66 87 35 63 28 62 96 43 82 44 76 95 42 23 7 16 5 67 54 61 65 52 48 21 97 19 88 17 68 74 91 50 9 51 77 47 27 90 73 6 55 15 36 4 18 32 0 31 58 2 12 14 83 84 29 69 72 85 37 8 
TEST 87 ARG:7 36 5 64 71 98 58 49 81 39 59 2 68 0 37 50 93 83 20 29 84 22 32 14 35 25 15 54 85 96 18 94 34 91 57 86 44 67 6 48 73 30 63 70 33 31 9 82 17 13 51 41 90 97 43 1 78 11 4 77 65 27 61 28 38 45 3 55 80 46 92 95 42 99 60 12 24 19 76 62 79 89 26 72 66 74 69 8 88 23 75 47 40 87 52 53 56 10 21 16 
TEST 88 ARG:11 15 36 35 97 14 73 25 60 47 17 75 61 18 91 77 78 43 34 80 38 9 3 58 62 86 56 55 21 39 93 32 33 74 10 72 79 6 94 87 54 37 45 59 44 29 2 83 85 16 30 26 5 22 41 23 71 20 67 13 24 19 70 84 4 7 53 12 66 81 0 98 92 64 49 48 89 46 99 76 90 51 65 8 88 28 95 57 96 40 52 69 68 63 50 1 27 82 42 31 
TEST 89 ARG:44 56 8 16 47 52 37 70 59 93 60 38 9 69 68 63 18 20 95 66 89 43 48 91 42 32 94 53 10 71 96 34 17 98 58 54 92 6 74 13 46 76 82 45 28 51 40 35 61 27 19 31 90 26 72 67 2 39 11 85 7 36 80 23 22 87 41 79 62 15 55 1 49 64 4 25 21 81 78 30 97 75 3 33 86 99 24 0 65 88 29 84 73 83 12 50 5 57 14 77 
TEST 90 ARG:38 3 78 81 75 44 8 32 9 17 14 66 35 36 47 51 59 88 10 87 71 84 99 86 37 98 48 27 2 28 49 69 67 56 30 79 68 46 89 5 83 58 34 21 54 70 31 25 96 73 11 1 16 91 80 60 45 18 72 20 57 24 90 94 64 26 15 6 92 23 50 0 65 13 63 62 22 42 7 53 33 4 19 97 12 61 52 74 29 93 41 40 43 82 77 39 95 85 76 55 
TEST 91 ARG:91 8 14 48 94 30 61 11 69 13 49 72 85 58 79 6 51 93 27 62 64 28 47 31 12 42 34 76 22 98 10 54 60 32 92 20 87 73 90 21 56 39 83 88 89 66 53 50 25 78 80 84 77 67 36 96 40 2 5 65 52 15 37 9 17 23 19 70 95 46 81 59 97 71 24 29 44 16 45 33 26 68 3 57 18 86 41 75 7 55 38 82 63 0 35 99 43 74 1 4 
TEST 92 ARG:91 65 67 43 34 21 7 61 16 81 23 45 63 89 60 96 48 50 13 1 49 54 78 28 83 70 44 24 32 14 30 0 94 59 40 2 39 12 66 80 31 42 20 3 93 51 9 56 71 58 88 79 75 27 35 92 41 85 37 22 15 46 6 72 86 8 84 36 95 99 77 52 87 74 57 4 18 76 5 62 69 11 10 73 64 25 47 90 17 29 19 98 38 82 33 68 97 53 55 26 
TEST 93 ARG:25 15 56 43 82 91 89 16 26 22 92 29 52 85 50 23 21 60 40 8 36 96 77 55 72 48 37 97 93 20 66 95 19 32 64 88 98 39 1 86 49 61 81 78 2 71 65 63 76 94 83 7 58 0 70 54 13 4 59 6 44 47 74 35 17 84 30 12 46 31 68 3 10 28 27 99 87 5 62 45 90 57 18 67 9 75 42 73 69 41 34 24 53 79 80 51 14 38 33 11 
TEST 94 ARG:80 5 32 14 23 40 67 13 64 27 70 78 50 87 97 48 84 85 43 51 61 18 72 49 25 33 30 0 31 77 88 10 54 7 1 79 34 81 11 41 12 44 75 59 28 35 17 16 58 53 98 94 71 29 74 46 90 57 21 15 4 56 22 55 91 9 8 36 26 42 66 68 95 92 76 65 73 62 82 60 2 19 86 38 89 6 69 52 37 63 39 83 24 96 93 99 20 47 3 45 
TEST 95 ARG:36 58 80 31 87 73 32 52 60 28 29 12 6 53 3 10 62 14 40 19 37 9 79 83 65 63 17 42 94 24 1 2 96 54 76 16 77 8 89 18 57 90 71 33 34 93 49 64 82 41 95 5 78 50 69 13 86 48 25 46 91 59 51 15 7 20 45 27 55 39 92 74 11 72 98 67 4 85 66 75 0 44 84 21 30 88 70 56 43 97 68 38 99 26 35 22 47 61 23 81 
TEST 96 ARG:66 11 65 30 36 91 97 86 38 76 90 24 69 80 62 37 60 73 42 16 92 44 15 68 27 59 78 2 56 18 82 81 50 45 55 26 64 1 70 35 14 61 13 39 74 77 43 20 47 87 12 17 32 5 88 52 28 3 67 34 98 58 96 46 93 51 19 7 33 94 48 40 9 0 79 54 25 21 99 85 57 29 23 71 6 8 84 31 53 4 63 10 75 41 95 83 89 22 72 49 
TEST 97 ARG:85 2 74 24 68 89 99 49 20 10 92 13 15 67 52 33 97 60 62 55 71 5 94 81 16 38 0 79 32 82 4 8 66 25 46 40 21 76 3 14 19 17 63 44 43 27 42 86 1 73 39 30 50 96 61 53 36 18 78 6 22 64 90 65 75 34 59 87 91 37 47 35 84 77 56 98 9 12 88 31 23 70 11 45 28 48 83 80 51 95 72 57 69 41 58 26 93 7 54 29 
TEST 98 ARG:16 47 30 33 60 5 36 71 75 48 89 49 43 87 7 53 0 52 92 31 94 64 45 51 86 66 10 77 90 40 20 84 82 78 88 37 95 76 2 96 56 13 93 3 69 23 18 9 15 50 44 8 1 72 24 70 79 55 6 35 80 81 74 46 25 61 73 99 85 39 91 83 17 42 65 38 12 11 62 67 98 29 27 63 32 58 21 59 22 19 54 14 68 26 28 4 41 57 97 34 
TEST 99 ARG:87 88 79 20 8 33 17 28 96 64 80 36 83 18 4 7 58 97 30 56 90 32 71 29 48 93 42 78 12 49 21 11 34 5 1 59 65 63 68 39 52 98 66 82 50 27 92 57 35 44 61 85 15 13 55 95 19 53 75 22 70 60 31 86 0 25 89 38 26 62 45 81 99 91 47 6 69 46 14 40 74 54 76 67 10 72 9 3 43 77 94 16 41 37 2 23 73 24 84 51 
TEST 100 ARG:80 64 66 73 75 90 3 85 45 81 99 48 91 32 1 63 15 79 67 47 20 8 60 58 6 74 5 11 61 35 33 54 12 27 37 95 52 53 87 69 70 40 10 93 86 39 77 59 7 31 71 2 16 65 43 0 62 25 50 29 55 96 24 14 36 41 82 56 83 98 28 92 84 26 17 46 94 68 57 88 34 23 38 76 21 9 22 44 42 78 4 49 51 13 18 19 30 72 89 97 
TEST 101 ARG:14 79 21 35 53 94 5 17 39 7 20 69 38 54 68 75 29 98 64 9 77 85 72 95 2 25 51 44 87 49 92 47 56 16 52 45 86 71 4 74 97 61 66 55 24 80 82 89 30 1 63 96 67 76 84 13 6 10 32 34 42 19 58 60 8 18 48 26 40 28 41 91 11 99 65 50 78 0 73 15 3 31 83 57 36 70 27 23 37 33 59 88 12 43 93 90 22 46 62 81 
TEST 102 ARG:46 27 48 91 86 99 42 18 44 1 31 33 13 78 55 68 94 92 62 38 26 25 11 49 9 52 3 89 17 21 63 76 75 2 36 14 10 34 29 7 90 69 41 16 79 51 72 71 93 43 82 12 88 96 15 66 30 98 83 81 20 47 70 95 8 35 28 73 37 74 32 64 0 45 53 80 87 60 6 40 5 84 22 4 39 85 77 54 56 57 19 24 59 58 67 61 97 23 50 65 
TEST 103 ARG:10 19 38 74 78 76 99 96 1 98 30 34 93 83 20 43 9 70 29 33 42 81 80 66 13 0 53 7 32 48 25 84 92 68 21 27 65 85 45 39 12 47 36 24 5 40 31 77 61 22 26 89 90 79 8 49 28 52 87 17 3 54 97 58 37 56 2 51 94 86 55 91 63 41 6 16 64 46 62 59 75 73 18 72 11 50 57 67 82 60 4 35 23 69 88 14 44 95 71 15 
TEST 104 ARG:23 83 80 63 53 37 1 28 73 71 90 14 76 59 20 61 78 48 15 55 50 70 4 51 8 88 29 98 24 85 31 96 27 72 16 44 99 74 79 30 10 87 58 39 64 81 66 41 82 25 52 84 38 3 6 65 46 86 75 36 57 32 35 49 5 54 18 97 34 11 60 21 33 47 89 91 92 95 40 19 67 62 13 45 43 2 77 93 26 17 94 0 7 56 42 12 69 22 9 68 
TEST 105 ARG:71 26 19 42 94 87 91 92 20 35 67 5 47 2 50 90 6 57 76 95 14 78 53 51 48 23 4 79 81 17 65 58 73 24 52 61 30 15 41 22 3 11 99 9 0 49 88 82 77 25 89 80 83 56 13 63 36 62 16 64 33 60 84 7 75 96 74 29 27 70 86 32 44 45 46 98 31 85 8 69 10 72 39 37 93 97 43 12 21 28 54 38 40 68 1 66 34 18 59 55 
TEST 106 ARG:61 87 64 68 53 83 59 93 98 62 17 76 32 34 35 14 54 95 11 5 69 80 88 66 48 38 45 84 57 56 23 74 6 13 89 27 29 37 75 81 15 36 85 3 90 12 78 58 67 33 0 52 79 25 40 28 77 96 72 86 92 91 24 65 26 18 10 50 20 55 46 63 19 21 44 30 42 82 70 9 8 22 1 73 71 49 7 4 99 43 94 47 2 41 51 97 39 16 60 31 
TEST 107 ARG:10 16 27 83 90 3 11 2 63 1 78 39 21 34 94 82 95 9 36 42 44 89 50 60 52 98 97 49 68 54 33 22 20 93 61 5 84 0 17 18 12 38 79 73 43 25 13 53 47 32 7 48 85 86 76 6 46 56 66 92 40 24 77 65 87 58 80 70 75 64 15 31 96 23 99 55 19 57 26 4 41 59 62 74 69 29 14 91 67 8 71 28 72 45 37 81 35 30 51 88 
TEST 108 ARG:59 76 97 10 67 47 35 42 57 60 46 26 31 9 63 36 82 87 75 52 90 2 0 65 85 80 39 77 40 79 11 43 74 23 45 29 3 88 70 98 13 72 54 68 27 1 86 37 33 56 99 5 20 18 16 17 53 64 4 44 15 34 25 22 32 95 61 69 89 21 30 24 8 81 58 49 66 94 71 55 28 7 96 73 12 6 91 83 92 14 93 19 48 51 62 50 78 38 84 41 
TEST 109 ARG:37 75 80 66 58 28 90 44 72 29 10 82 52 70 87 46 13 63 22 42 88 55 23 61 0 68 93 7 20 25 38 18 21 56 45 49 17 84 34 54 69 74 41 47 79 86 15 98 19 30 77 60 96 59 67 62 16 89 3 1 57 50 35 24 48 40 51 31 94 27 81 76 97 83 11 5 4 2 78 43 64 99 9 85 36 95 39 12 71 65 26 92 73 8 91 53 6 32 33 14 
TEST 110 ARG:8 59 71 29 60 95 99 21 37 48 75 24 54 68 82 0 62 40 6 91 34 96 86 36 2 11 73 81 84 94 43 33 93 39 23 70 22 27 35 20 38 44 9 89 49 83 13 77 85 25 64 42 16 47 65 63 17 51 57 66 69 18 14 12 56 10 53 55 3 72 80 30 78 74 97 1 32 7 52 76 50 46 19 92 28 15 67 26 98 4 45 88 61 79 58 87 41 5 90 31 
TEST 111 ARG:82 7 37 5 72 94 56 45 89 64 67 19 98 8 81 76 21 30 58 22 1 92 73 26 90 52 86 85 93 60 83 4 53 77 43 47 62 14 28 15 78 31 79 63 75 97 48 51 96 49 59 69 10 44 12 17 57 0 2 80 71 91 88 68 6 35 99 23 40 87 42 95 74 55 16 20 13 25 46 34 3 39 61 27 38 66 24 84 41 33 50 70 36 32 18 29 65 54 9 11 
TEST 112 ARG:65 31 78 44 15 30 29 60 50 28 90 57 85 7 27 24 75 87 71 8 83 33 68 52 19 32 49 3 99 9 26 43 17 5 82 13 10 51 47 80 42 25 56 20 62 23 96 21 0 37 74 94 98 73 81 77 63 66 95 46 88 53 79 45 35 18 70 38 6 61 91 86 39 55 92 97 84 22 76 36 1 34 72 12 14 93 59 69 11 67 48 64 58 2 89 16 54 4 41 40 
TEST 113 ARG:20 83 89 18 43 29 98 19 93 26 23 49 85 31 54 95 40 3 97 11 80 75 74 44 25 71 60 77 67 84 70 32 22 42 69 92 38 62 9 88 56 17 35 4 8 12 51 73 39 46 55 76 37 61 34 48 86 27 47 59 13 79 72 57 78 15 28 99 16 58 82 45 10 64 63 6 0 53 1 52 96 41 90 87 81 33 65 36 30 68 14 91 21 66 50 7 5 94 2 24 
TEST 114 ARG:26 47 16 0 13 66 64 18 87 80 62 83 70 86 3 73 97 54 72 14 84 20 60 38 88 50 95 40 9 90 4 39 52 99 8 76 29 93 27 28 56 46 65 19 7 35 61 1 37 69 63 43 2 68 34 11 58 81 96 22 12 48 79 74 23 75 85 15 91 42 67 57 17 78 51 49 53 10 44 32 45 77 31 98 33 55 30 5 41 36 92 21 71 59 25 24 6 94 82 89 
TEST 115 ARG:6 40 36 83 49 99 15 61 50 43 25 18 31 94 34 77 93 60 90 92 5 33 12 54 10 97 75 89 9 23 41 30 38 71 28 79 86 63 91 51 73 72 58 47 3 4 70 7 67 13 46 76 68 53 84 32 69 82 56 35 19 24 17 2 62 1 55 8 96 39 98 45 0 42 14 59 29 27 37 26 52 44 85 78 66 74 16 20 81 65 87 88 64 57 21 80 11 95 22 48 
TEST 116 ARG:91 11 14 89 16 7 78 62 31 38 72 34 30 8 98 49 13 99 48 19 92 57 70 37 65 29 80 79 58 81 0 28 47 39 53 41 51 21 54 84 86 27 83 40 55 68 20 97 5 46 76 77 43 60 25 59 94 1 15 24 63 90 56 75 12 64 9 26 67 85 33 71 69 88 96 82 4 50 95 36 74 61 17 52 18 23 10 73 22 93 6 2 66 35 87 42 44 32 45 3 
TEST 117 ARG:6 35 38 21 73 84 37 52 14 49 96 31 69 60 25 77 80 68 97 47 11 76 93 10 75 39 65 74 42 57 71 59 34 41 62 23 51 72 67 98 24 13 46 83 19 86 4 2 44 92 18 15 8 26 3 45 61 20 32 70 7 82 90 91 33 94 56 40 89 22 5 12 81 43 17 36 48 88 55 29 28 0 95 66 50 54 16 78 87 64 79 1 53 30 85 9 63 99 58 27 
TEST 118 ARG:63 91 45 82 3 6 60 18 79 22 47 96 38 27 24 71 98 1 74 84 8 80 34 59 99 25 85 58 94 70 39 64 41 30 7 88 76 55 49 90 12 68 89 20 66 69 44 51 48 77 78 52 86 2 26 56 21 54 67 29 36 46 97 95 13 81 4 35 32 92 65 62 14 10 73 40 31 61 28 9 57 23 93 75 5 0 19 37 53 87 43 33 50 83 11 15 42 72 16 17 
TEST 119 ARG:88 43 11 49 69 63 42 44 36 70 20 19 66 29 30 47 85 55 23 60 74 46 31 56 0 24 84 71 97 98 73 95 81 41 18 45 64 52 1 38 76 62 25 40 53 82 79 37 51 90 27 87 80 78 32 4 57 6 89 3 50 9 21 68 8 61 59 17 67 72 99 94 13 75 2 65 92 93 22 7 12 15 86 77 91 16 10 48 96 33 26 14 54 34 35 58 5 28 39 83 
TEST 120 ARG:18 45 24 0 77 40 48 12 17 39 34 54 50 69 83 56 94 47 1 16 43 81 38 5 14 90 44 55 95 87 59 30 32 70 20 27 53 3 46 88 9 36 28 93 82 42 41 74 51 2 62 60 97 19 85 22 71 65 37 7 84 57 4 80 99 66 13 31 92 61 25 64 68 10 98 15 79 8 76 78 21 96 52 89 49 6 73 29 11 35 23 33 72 58 26 67 63 86 75 91 
TEST 121 ARG:41 93 15 77 17 38 32 79 16 75 83 29 46 47 14 30 74 68 92 9 33 20 28 97 26 44 63 57 73 85 98 8 56 70 62 27 55 96 48 45 80 81 72 65 0 5 3 89 6 49 53 25 90 4 23 94 37 60 39 34 36 35 24 7 82 76 52 31 50 64 13 19 59 67 12 99 66 69 43 84 11 88 42 1 18 61 86 71 51 95 58 54 40 10 22 87 91 21 78 2 
TEST 122 ARG:54 83 61 77 0 30 19 35 55 28 9 86 45 39 7 97 17 75 11 13 76 22 50 94 18 6 44 62 59 71 63 16 56 48 96 38 15 81 60 43 3 41 88 32 91 24 65 25 20 93 21 73 99 68 98 1 52 10 69 74 64 70 12 85 31 37 82 47 66 8 79 58 27 36 5 53 33 78 84 89 29 51 72 42 90 26 2 67 87 57 14 49 92 80 34 46 23 40 95 4 
TEST 123 ARG:1 17 46 68 86 9 39 28 77 23 54 30 10 71 24 69 50 93 35 95 15 51 48 90 65 40 91 96 62 55 58 61 29 76 2 31 34 70 89 14 59 11 94 88 33 98 63 84 19 16 44 37 32 49 6 64 97 85 87 52 74 4 45 42 5 13 36 75 56 82 73 18 57 8 53 60 38 66 81 20 27 7 21 47 67 43 41 12 25 78 3 79 72 0 22 99 80 92 83 26 
TEST 124 ARG:17 76 29 71 57 88 91 58 9 83 43 67 8 90 70 93 45 55 80 27 86 56 53 10 5 25 81 85 28 69 37 89 2 96 13 60 0 79 16 7 32 41 34 31 73 20 94 18 49 98 97 22 12 78 14 23 38 92 35 62 75 15 36 11 46 39 64 54 26 61 44 6 65 72 77 50 59 66 99 1 21 24 63 84 42 47 48 95 40 33 52 3 82 87 68 74 19 4 30 51 
TEST 125 ARG:84 31 14 68 98 0 33 7 41 47 71 2 85 70 44 65 99 5 38 90 43 81 21 8 16 39 12 37 10 91 95 79 24 42 15 87 64 72 13 78 32 88 63 48 69 45 36 58 20 27 53 96 49 92 80 40 61 1 19 29 52 83 6 59 89 30 35 26 17 54 28 56 34 50 23 3 25 93 74 97 22 94 51 9 86 67 75 77 4 82 11 62 46 66 55 73 76 57 60 18 
TEST 126 ARG:95 90 15 26 85 14 72 98 8 46 96 4 81 94 5 58 32 59 44 1 47 77 52 50 79 82 27 11 64 30 88 66 21 42 43 0 45 49 7 83 99 37 3 19 65 6 60 80 63 75 33 67 97 28 78 24 84 25 34 62 61 56 70 53 69 35 18 39 41 93 55 74 87 54 36 9 91 40 51 76 57 86 23 29 13 12 73 22 17 92 38 20 48 68 16 71 10 89 2 31 
TEST 127 ARG:2 43 73 88 99 60 90 49 16 65 57 75 6 32 25 59 96 98 83 52 45 70 3 13 81 41 54 4 64 1 87 15 76 12 19 84 91 94 21 61 18 56 26 10 80 33 42 47 68 40 95 35 31 9 50 8 69 7 58 53 72 44 86 67 17 71 34 30 38 51 89 29 82 39 14 93 37 11 24 36 66 23 0 79 27 97 78 28 62 92 48 5 46 74 63 77 20 85 22 55 
TEST 128 ARG:12 87 58 48 35 56 86 19 98 74 37 27 38 30 8 73 96 5 46 18 31 93 78 10 62 47 2 4 94 42 25 55 69 29 36 83 90 40 3 81 17 23 80 43 13 66 54 72 20 52 21 0 59 22 65 68 77 84 71 34 53 99 61 57 82 1 49 32 75 67 45 15 26 11 44 7 79 16 92 70 9 24 88 63 28 51 39 89 85 97 64 91 33 95 50 76 41 6 14 60 
TEST 129 ARG:27 75 38 59 82 1 7 88 87 8 10 29 54 3 30 17 61 91 97 41 40 24 12 62 49 99 95 52 9 64 0 57 71 2 26 55 16 13 31 21 81 33 35 23 67 98 80 68 11 44 39 78 43 89 73 46 20 93 79 74 63 83 42 14 34 4 76 6 69 32 84 90 28 85 72 92 66 36 53 45 51 60 22 25 50 94 47 77 48 86 70 15 5 58 18 19 56 65 96 37 
TEST 130 ARG:80 57 61 95 17 60 69 54 52 39 96 81 22 68 59 37 21 12 40 71 2 38 31 91 72 30 53 15 78 56 63 94 90 84 8 62 7 29 43 16 64 25 93 65 23 32 9 34 55 79 49 5 85 26 14 67 19 87 99 24 28 20 3 42 27 50 47 88 6 89 45 77 4 97 58 44 73 10 46 76 83 51 66 36 98 0 33 75 18 86 70 92 1 82 41 35 11 74 13 48 
TEST 131 ARG:52 80 59 23 8 51 24 91 32 19 95 89 47 60 64 13 97 65 45 37 70 36 82 30 38 50 74 87 90 57 40 7 58 29 26 69 88 71 10 94 33 6 46 18 31 3 73 2 27 76 15 66 68 0 34 81 12 39 42 49 79 1 62 83 5 92 86 21 61 35 16 98 48 72 85 28 53 54 25 75 20 17 96 99 77 93 84 9 4 55 63 78 44 56 41 14 43 67 22 11 
TEST 132 ARG:59 79 36 32 30 27 83 57 73 17 40 39 71 5 24 55 68 46 98 58 2 10 89 53 70 15 23 80 82 41 50 64 67 62 37 7 11 25 88 34 38 61 54 6 52 33 16 18 28 48 22 99 91 96 85 19 44 72 65 60 21 31 66 13 26 4 78 49 43 87 20 90 93 14 69 29 74 81 42 95 47 3 75 86 0 45 76 1 35 51 77 8 84 56 63 97 94 12 9 92 
TEST 133 ARG:28 55 62 47 61 21 46 15 44 78 37 86 68 57 60 26 24 10 73 12 75 77 51 35 33 69 7 64 65 2 97 39 5 3 17 25 8 67 82 70 88 83 29 14 20 30 34 79 1 13 50 81 49 31 9 23 92 93 40 99 74 72 52 59 66 38 98 36 45 90 95 42 27 0 53 80 43 48 94 19 87 41 76 63 4 91 58 56 22 54 18 16 89 85 71 84 32 6 11 96 
TEST 134 ARG:56 74 84 22 91 78 36 43 97 70 62 60 93 65 3 63 13 59 50 2 25 58 77 6 52 54 9 94 45 42 85 26 73 7 90 38 83 19 46 89 82 71 80 0 76 37 53 5 44 40 30 20 31 35 66 11 16 15 14 23 87 27 92 98 21 61 55 32 24 88 96 99 10 75 8 12 4 68 64 47 1 17 33 69 86 39 57 48 41 49 51 18 67 81 29 72 28 95 34 79 
TEST 135 ARG:59 62 48 55 18 57 20 8 64 19 17 22 79 16 33 42 25 60 78 58 5 63 93 54 51 44 52 7 0 30 72 28 70 26 39 37 46 75 15 91 34 98 71 27 97 95 87 31 77 66 73 1 6 10 90 4 43 80 96 21 36 50 94 24 81 67 88 12 89 29 9 86 32 65 23 41 40 35 11 82 83 3 76 14 13 45 92 38 74 84 47 2 49 56 85 53 61 68 99 69 
TEST 136 ARG:31 28 32 16 54 77 56 22 42 35 40 81 87 2 30 34 75 17 44 57 53 49 62 19 3 64 24 82 69 93 89 61 14 26 74 84 5 70 37 23 97 78 43 65 76 86 1 4 18 96 80 20 95 33 7 83 25 51 55 8 52 39 21 15 50 29 63 68 67 91 46 9 47 0 66 90 79 6 94 85 88 36 41 99 12 11 72 48 27 71 10 59 92 60 13 45 38 73 98 58 
TEST 137 ARG:47 7 67 14 9 70 32 42 88 37 89 31 45 95 74 35 94 5 30 72 56 28 29 80 64 99 93 55 82 34 36 44 39 59 52 63 61 12 87 11 38 83 4 86 50 16 51 46 97 69 8 24 0 84 17 96 81 68 18 23 10 62 6 71 58 53 66 78 65 13 27 21 40 92 85 73 1 48 26 75 49 41 60 54 25 22 15 98 20 33 2 3 19 43 77 90 57 79 76 91 
TEST 138 ARG:41 14 49 13 36 46 11 7 53 0 27 97 88 23 22 12 45 64 31 74 67 16 92 6 2 5 95 19 63 26 34 40 24 57 21 55 77 68 38 99 94 81 82 60 50 3 44 70 4 54 42 91 43 69 18 52 9 85 90 1 48 71 51 61 8 28 56 35 98 37 66 25 83 39 89 59 76 86 47 80 96 72 84 17 33 58 30 20 73 79 78 32 15 93 87 29 65 10 62 75 
TEST 139 ARG:15 11 77 78 66 23 74 20 7 4 65 33 14 39 52 68 49 9 58 31 24 60 69 27 28 35 36 47 2 34 13 57 97 56 94 43 90 79 73 67 17 29 32 26 22 89 61 3 98 63 8 18 82 45 19 25 51 55 80 64 76 84 0 50 91 12 81 44 10 62 85 30 87 5 16 71 37 95 75 53 88 40 48 93 1 59 42 86 6 92 41 46 54 83 21 96 72 70 99 38 
TEST 140 ARG:4 26 25 49 24 9 93 23 48 78 37 54 16 0 66 69 7 88 28 58 51 85 95 68 81 14 42 60 72 43 65 15 63 13 71 32 3 45 1 22 29 6 46 34 50 64 56 19 87 20 2 80 35 33 8 10 38 92 40 98 47 11 74 44 76 67 12 53 59 18 31 91 89 86 39 55 90 96 30 79 75 57 36 82 41 83 77 94 84 99 70 73 17 21 97 5 52 27 62 61 
TEST 141 ARG:57 42 22 8 40 32 34 77 97 64 13 66 83 38 41 96 12 27 37 44 1 74 6 65 33 54 53 52 26 94 23 29 31 82 98 92 79 58 63 56 61 76 17 47 55 7 88 19 14 0 91 30 93 70 67 2 78 4 68 18 16 59 5 36 15 9 24 86 85 50 25 39 95 69 60 72 28 48 45 46 3 35 89 49 20 71 99 11 73 62 80 10 81 84 90 21 87 51 43 75 
TEST 142 ARG:37 32 55 10 28 67 94 9 86 60 31 89 85 16 75 14 27 54 29 50 62 5 30 0 18 83 74 88 69 65 51 96 57 35 8 71 61 44 80 21 39 82 19 4 84 98 70 2 11 22 73 68 41 26 17 92 34 72 53 6 25 63 24 7 33 47 58 23 40 20 79 13 46 59 36 93 66 15 87 77 81 97 48 49 42 52 38 56 76 99 12 78 95 1 91 43 45 3 90 64 
TEST 143 ARG:98 34 89 82 81 71 22 94 58 24 97 56 43 44 60 69 48 73 15 21 46 76 95 28 16 50 25 12 40 19 51 80 64 27 10 32 17 0 53 23 6 26 70 38 13 8 54 37 33 62 90 9 4 36 85 59 3 1 14 63 77 39 45 99 84 41 11 49 30 78 87 2 42 79 5 47 29 72 93 74 57 61 20 92 68 91 66 55 75 96 31 18 67 86 83 65 88 35 7 52 
TEST 144 ARG:1 38 13 39 49 79 71 61 68 47 16 18 36 14 10 31 44 33 94 5 77 43 12 6 23 56 46 50 73 72 90 2 99 97 30 20 42 96 76 89 53 19 83 9 80 8 0 98 45 22 48 35 7 32 95 64 58 51 74 75 59 55 66 85 84 82 78 65 41 24 57 63 4 15 93 27 28 91 3 11 67 34 17 54 52 69 70 92 21 26 37 88 62 25 60 86 87 29 81 40 
TEST 145 ARG:62 94 54 24 40 5 59 78 66 50 14 26 9 96 21 36 8 95 52 43 85 34 45 20 65 30 15 73 35 61 41 74 53 32 49 44 31 51 4 91 11 99 25 3 60 84 87 63 82 42 67 90 64 13 69 27 12 70 92 18 33 77 93 97 55 48 71 7 58 6 98 68 83 29 81 72 17 37 79 16 76 80 39 38 23 56 75 88 22 28 89 47 10 57 19 1 2 46 0 86 
TEST 146 ARG:80 49 21 88 81 0 23 9 41 40 71 37 63 85 43 51 44 39 29 10 58 27 59 94 6 31 68 16 69 95 74 52 75 66 34 35 73 60 87 32 90 2 11 84 77 14 64 86 46 30 25 91 3 1 17 20 67 48 70 79 26 92 15 8 89 13 82 62 18 12 98 99 45 65 83 93 19 28 22 54 33 4 47 5 96 53 42 97 56 76 38 55 78 7 61 50 57 72 24 36 
TEST 147 ARG:49 44 58 85 42 62 4 32 67 8 33 37 59 78 87 89 95 83 16 26 55 97 68 0 73 80 56 1 11 65 64 41 27 93 71 51 77 91 74 20 25 39 38 15 9 2 18 35 10 98 34 82 54 43 13 17 50 81 92 75 66 28 88 70 19 69 3 22 21 24 57 5 12 29 90 60 7 79 48 99 53 86 46 31 23 30 84 76 36 14 47 72 63 40 45 61 6 96 94 52 
TEST 148 ARG:88 91 57 45 29 99 61 2 15 78 0 24 51 41 79 65 30 7 59 54 74 18 64 66 16 38 33 71 50 81 21 97 60 43 22 37 31 52 70 39 3 11 68 35 42 83 36 13 69 86 87 73 12 98 95 17 23 5 62 32 44 48 14 27 20 77 49 8 1 34 4 58 9 46 28 6 53 55 85 96 84 94 25 19 56 26 90 89 67 76 10 40 75 80 93 63 72 47 82 92 
TEST 149 ARG:14 2 30 81 62 8 75 87 3 94 71 40 77 24 66 51 92 86 26 43 60 34 64 59 80 83 78 0 21 74 55 37 39 7 89 11 82 41 33 49 12 56 69 47 32 4 46 90 10 5 20 93 48 95 98 88 53 44 68 27 50 25 17 91 54 70 99 73 42 76 85 57 97 28 63 31 18 38 16 1 36 15 9 29 79 23 13 72 19 58 6 67 22 52 84 35 61 65 45 96 
TEST 150 ARG:73 55 36 59 38 66 41 53 21 26 58 54 98 45 84 69 4 90 19 32 77 47 56 52 89 37 2 76 78 91 46 16 28 88 96 1 5 10 75 67 65 40 97 35 87 49 25 42 24 93 83 48 60 7 31 85 63 51 43 39 44 12 0 13 62 95 29 64 27 6 68 57 94 72 20 92 50 70 74 61 15 11 82 86 8 34 18 3 17 30 71 80 9 79 23 81 14 33 99 22 
TEST 151 ARG:18 92 46 43 96 72 50 57 78 14 80 55 42 26 23 66 90 82 69 44 59 64 36 54 17 87 41 56 37 62 61 4 60 76 38 22 88 73 85 25 29 9 1 91 84 40 10 52 16 97 7 74 2 30 75 65 67 0 47 95 5 32 79 39 58 8 15 3 31 34 83 19 27 71 45 53 63 77 48 89 13 33 86 21 68 49 28 20 99 11 94 35 12 70 93 6 24 51 98 81 
TEST 152 ARG:78 7 99 86 26 65 37 16 64 72 94 51 90 10 76 49 68 50 19 23 52 6 33 63 29 12 74 42 58 9 36 30 81 40 79 59 53 46 92 31 45 38 75 1 35 70 24 84 66 39 27 32 61 15 18 62 14 54 13 5 88 96 48 25 0 67 82 4 21 3 28 91 60 11 97 87 22 77 69 80 95 85 34 56 57 89 44 43 47 20 83 2 93 8 17 55 98 41 73 71 
TEST 153 ARG:90 68 33 92 51 39 65 41 74 40 5 43 82 29 9 26 61 76 60 86 19 47 35 31 54 59 75 53 87 20 38 71 0 55 48 73 50 89 49 28 88 7 18 8 14 57 2 79 3 1 96 66 27 17 97 44 13 95 21 64 6 22 10 32 81 80 83 23 62 56 15 67 93 46 25 34 85 77 36 37 63 24 70 84 72 42 45 69 16 94 12 58 4 91 30 98 11 99 78 52 
TEST 154 ARG:48 71 34 27 7 95 99 97 2 3 16 90 6 69 47 23 98 63 82 14 83 88 92 32 40 20 96 37 4 0 68 53 84 64 58 74 80 42 41 60 93 52 86 18 56 36 81 11 73 24 31 76 39 72 44 85 78 55 54 89 15 77 17 51 38 91 19 49 65 13 61 45 28 21 43 10 30 22 50 94 87 29 62 66 57 9 26 35 75 25 70 79 5 12 1 67 59 46 8 33 
TEST 155 ARG:15 53 65 13 84 85 10 40 86 74 37 47 62 61 92 7 94 55 66 19 75 4 18 96 70 93 98 73 17 8 48 71 33 31 63 44 91 34 76 26 5 49 59 23 12 24 43 3 88 2 69 9 56 50 45 25 16 22 67 72 54 20 1 41 14 36 83 89 6 21 99 58 90 57 60 82 0 79 42 78 87 29 51 95 64 11 80 30 28 46 52 39 81 35 32 97 68 27 38 77 
TEST 156 ARG:34 17 52 40 58 72 7 96 65 66 27 1 63 92 2 11 15 32 73 28 26 78 97 90 37 95 85 38 6 91 93 25 21 59 49 33 50 35 77 98 3 83 70 4 74 89 0 75 69 53 18 48 57 30 88 82 22 46 20 86 24 64 39 9 81 79 61 13 19 41 10 62 71 45 14 80 99 23 60 36 44 54 42 47 67 16 43 29 84 31 76 12 87 5 94 56 68 51 8 55 
TEST 157 ARG:16 63 86 59 17 34 14 88 28 11 32 3 12 97 81 91 87 64 29 18 62 73 75 99 66 46 42 4 23 31 10 78 8 60 89 98 26 7 37 95 84 70 22 80 53 85 69 68 20 55 49 1 2 25 96 71 35 5 33 72 45 93 30 83 57 77 76 74 15 43 27 79 48 21 40 65 13 50 44 61 9 54 19 41 58 24 52 82 56 67 51 38 6 90 92 47 0 39 36 94 
TEST 158 ARG:29 22 43 23 20 57 98 54 52 19 15 85 70 55 58 60 28 69 7 25 51 94 4 95 30 3 81 46 88 63 87 33 2 13 50 24 79 37 26 21 53 59 62 72 64 36 68 77 74 1 32 17 97 90 40 9 0 75 12 91 45 93 6 31 76 34 14 71 67 99 8 16 38 92 84 48 61 47 73 65 5 82 89 10 11 96 56 41 35 49 80 44 18 78 83 42 39 66 86 27 
TEST 159 ARG:22 11 70 64 62 34 40 18 8 28 74 89 29 32 38 52 58 76 36 37 48 26 23 85 94 99 73 78 77 25 91 15 60 71 19 86 35 16 9 24 3 69 87 31 92 65 79 42 20 0 84 45 4 21 33 53 75 68 13 90 43 61 39 81 98 57 50 95 56 5 41 27 2 96 93 14 63 80 88 6 67 72 7 82 66 97 44 51 30 12 46 83 10 17 47 49 1 59 54 55 
TEST 160 ARG:68 88 45 60 40 81 44 25 22 28 97 41 4 21 16 51 39 42 18 62 34 55 80 14 70 1 54 5 94 35 20 12 6 10 76 36 96 72 85 38 33 56 0 66 64 43 83 61 29 95 75 19 31 87 15 99 48 82 89 63 23 58 53 11 78 77 91 47 84 98 71 17 32 2 86 24 26 27 93 52 37 73 8 49 79 9 7 3 50 67 59 46 13 30 57 92 69 65 90 74 
TEST 161 ARG:15 93 18 9 38 33 1 84 70 80 49 23 97 16 12 35 41 96 34 92 43 14 55 67 20 78 42 4 57 76 30 32 82 51 77 75 39 28 24 52 0 99 71 37 40 90 59 81 11 85 44 13 74 91 50 29 95 46 2 66 98 86 45 26 17 8 7 19 58 36 6 87 47 5 88 3 27 73 69 25 94 56 63 53 62 54 60 10 83 89 61 68 22 64 31 21 65 72 79 48 
TEST 162 ARG:91 94 1 34 66 18 54 33 81 67 74 51 57 93 52 72 84 55 64 41 42 13 76 7 2 22 97 29 21 47 59 87 95 96 19 10 26 86 92 15 89 46 40 24 8 32 85 62 58 48 37 82 98 45 69 49 60 20 80 16 65 63 0 39 17 53 23 50 5 43 30 28 68 9 79 61 38 36 27 78 31 14 4 90 73 71 70 99 3 25 77 83 12 44 88 6 75 35 56 11 
TEST 163 ARG:1 80 4 46 57 65 2 6 48 42 35 25 58 62 49 15 31 56 50 91 37 22 84 99 18 59 74 14 66 8 96 82 27 13 23 28 69 83 53 26 79 77 0 63 30 60 61 11 52 76 24 39 32 47 5 17 19 78 51 68 34 33 94 44 97 70 40 20 71 41 7 98 85 9 90 16 12 73 72 55 92 81 54 29 21 45 67 89 86 43 93 38 3 95 64 87 88 36 10 75 
TEST 164 ARG:70 68 94 38 63 53 88 72 35 77 51 66 36 1 85 95 52 71 26 61 98 86 43 21 84 4 55 90 57 92 29 96 42 87 62 41 50 0 75 24 19 33 27 3 47 78 16 5 99 8 93 22 46 18 73 44 45 9 67 60 83 34 15 39 49 11 54 82 56 79 69 12 80 23 2 28 32 76 59 6 64 20 74 97 31 13 65 48 37 30 91 7 58 81 17 14 25 10 89 40 
TEST 165 ARG:95 32 80 98 20 83 2 7 28 81 78 36 50 38 51 68 54 92 6 93 13 17 23 89 35 94 8 91 31 11 1 88 87 79 59 53 42 10 48 26 47 60 27 33 75 19 57 4 90 96 74 97 82 46 0 24 67 44 99 22 21 62 77 9 40 85 55 45 12 3 15 63 72 73 61 5 71 16 69 86 49 64 84 14 39 66 43 65 52 25 56 29 41 76 30 37 34 70 18 58 
TEST 166 ARG:70 82 25 83 49 2 45 66 32 53 88 44 69 17 33 27 31 75 96 77 56 10 12 86 1 52 7 94 55 71 18 78 80 50 76 84 14 48 43 8 28 0 59 3 89 58 22 39 87 62 5 34 47 95 26 79 99 46 37 65 13 72 24 54 92 41 61 19 90 81 91 73 98 42 40 93 68 30 16 20 15 51 85 64 67 29 9 23 63 57 97 6 38 74 11 35 21 36 4 60 
TEST 167 ARG:75 3 4 85 83 45 13 58 52 40 47 10 18 55 98 93 56 34 5 87 22 6 39 24 61 92 53 38 49 73 37 2 43 20 9 29 89 48 82 14 77 8 63 86 84 69 26 54 44 30 74 41 81 62 57 51 50 7 80 36 71 67 88 16 95 78 65 94 1 46 66 28 68 59 60 99 42 79 27 35 11 25 19 91 15 21 12 76 23 33 32 72 64 0 97 17 31 96 90 70 
TEST 168 ARG:42 36 56 15 79 70 83 41 71 11 50 19 16 99 93 90 60 97 10 7 33 9 64 40 74 58 62 12 3 4 2 47 21 88 68 51 54 73 52 27 39 87 28 48 92 44 55 95 75 67 78 49 46 13 31 1 43 25 24 66 22 0 53 34 59 17 45 65 26 69 98 18 30 94 20 96 81 57 29 23 8 38 89 76 37 35 72 80 6 86 82 77 61 14 84 63 91 5 32 85 
TEST 169 ARG:79 45 81 24 94 13 64 73 87 56 88 21 55 51 62 5 37 68 30 41 46 91 2 85 3 16 50 83 7 63 11 60 69 80 26 25 47 67 77 84 19 31 54 53 12 78 48 29 14 71 39 49 42 96 36 70 98 10 59 15 17 4 82 27 18 52 86 23 9 58 75 97 92 35 22 40 57 33 1 38 32 93 44 90 76 6 20 28 43 0 66 72 34 99 95 61 65 89 8 74 
TEST 170 ARG:21 88 0 45 33 92 93 73 41 55 72 95 86 26 89 94 53 50 20 57 67 43 76 5 39 32 30 24 38 56 1 22 64 8 60 63 4 79 6 40 2 66 68 12 74 69 80 62 49 18 85 46 70 27 96 37 10 98 71 59 58 48 31 13 16 28 52 82 14 75 19 91 15 47 34 29 87 65 23 97 17 7 78 99 25 44 77 36 51 35 54 83 3 84 42 81 90 11 61 9 
TEST 171 ARG:84 46 77 14 41 59 97 5 73 34 13 54 78 31 37 35 82 2 93 95 32 61 18 76 94 9 62 17 88 66 68 12 60 26 3 89 15 53 21 29 30 45 24 39 48 1 63 69 64 87 22 67 28 58 11 44 6 91 65 83 92 80 75 50 43 36 51 79 10 19 81 57 85 74 49 90 56 72 86 20 8 0 7 27 42 23 47 98 16 70 96 25 38 4 55 40 33 99 52 71 
TEST 172 ARG:43 76 54 64 25 89 22 98 36 55 38 30 99 7 0 23 61 4 48 19 72 52 91 70 21 15 96 90 71 79 11 94 46 93 29 27 18 3 82 65 33 20 73 41 95 57 44 63 17 59 56 49 68 78 66 51 14 81 40 88 8 58 28 50 77 5 39 85 84 80 16 62 34 1 86 75 10 9 45 24 69 2 92 37 12 31 53 97 47 87 60 67 26 74 42 32 13 6 35 83 
TEST 173 ARG:9 24 51 30 13 28 47 53 81 5 92 2 62 12 7 50 76 61 96 41 72 52 39 73 17 22 31 94 98 26 18 86 16 8 0 32 35 67 75 70 71 46 42 4 64 54 88 58 57 1 45 84 21 48 79 56 97 77 25 90 38 68 19 44 15 95 11 63 65 10 29 69 40 87 43 85 91 82 3 78 6 49 99 20 74 55 36 83 34 27 37 33 93 89 59 80 66 14 23 60 
TEST 174 ARG:59 14 52 20 89 84 43 34 50 28 35 22 88 13 45 72 80 75 39 11 4 97 67 93 64 71 46 2 48 30 37 47 99 56 44 21 25 53 42 24 55 73 8 68 38 17 33 36 9 91 82 15 78 58 63 81 54 79 83 5 26 10 61 86 16 77 98 60 27 1 49 76 19 32 90 65 3 74 51 62 69 41 70 87 0 92 6 29 57 85 94 7 31 18 12 96 66 40 23 95 
TEST 175 ARG:37 72 19 98 84 8 56 16 40 49 24 94 22 68 83 10 76 39 7 23 62 59 87 45 5 82 77 47 50 3 64 55 42 1 21 36 65 26 18 90 35 69 32 74 13 58 0 53 54 61 70 41 92 25 43 48 9 12 66 88 44 71 14 52 57 85 4 29 73 31 46 80 63 97 91 28 89 27 20 99 38 79 95 17 30 78 6 51 93 33 11 67 60 75 96 34 86 2 81 15 
TEST 176 ARG:9 7 12 57 67 59 19 31 26 47 37 64 24 23 51 44 42 18 69 81 98 79 78 8 1 36 46 72 94 10 63 32 20 91 97 4 3 88 27 21 38 70 99 6 77 25 85 65 16 45 53 39 96 93 76 0 40 66 58 89 83 55 34 52 30 35 90 11 92 73 74 33 87 14 43 86 54 62 15 17 49 13 48 84 5 41 50 95 2 75 61 22 68 29 82 28 56 71 60 80 
TEST 177 ARG:96 64 42 19 59 62 77 18 10 66 56 44 48 38 88 11 81 50 80 32 1 86 15 73 61 14 99 41 49 52 25 84 91 76 58 78 6 40 45 53 8 72 57 83 94 37 54 20 67 51 79 9 89 95 31 60 26 33 35 4 34 43 5 29 90 22 21 93 23 46 92 47 28 12 87 27 13 16 0 39 24 69 70 30 82 2 98 74 71 17 3 65 7 63 36 85 68 97 55 75 
TEST 178 ARG:16 34 15 29 84 21 11 0 91 66 53 85 68 38 4 5 42 76 62 61 36 82 25 2 46 89 33 39 73 88 23 41 67 74 10 40 20 51 80 57 70 65 18 32 56 71 64 12 26 45 78 52 77 49 81 90 19 44 17 95 9 98 24 3 48 96 72 37 92 86 87 7 54 75 99 13 94 63 27 79 31 28 83 58 22 30 47 97 6 69 1 43 14 35 93 8 59 50 55 60 
TEST 179 ARG:94 35 82 61 26 89 13 69 32 17 87 77 85 56 62 53 45 47 76 57 84 80 59 23 72 24 27 98 51 48 19 65 70 4 81 91 79 55 11 22 40 14 63 28 78 6 46 52 33 99 43 86 3 67 83 74 90 5 58 2 54 75 8 71 16 73 50 42 66 92 15 41 44 18 37 64 30 7 88 93 20 21 60 49 0 36 9 68 25 95 10 34 97 38 39 31 96 12 29 1 
TEST 180 ARG:42 81 39 94 72 35 45 13 91 7 10 78 57 64 30 2 44 89 1 21 0 66 19 85 24 49 84 15 87 32 63 60 92 68 14 26 20 41 22 3 23 90 73 54 74 67 55 82 93 34 36 43 76 61 99 46 80 31 4 75 28 5 48 6 88 69 9 86 79 53 38 29 59 50 16 62 95 37 47 83 97 8 52 71 51 33 17 70 25 40 58 12 27 65 11 77 18 96 98 56 
TEST 181 ARG:68 61 70 17 42 21 57 41 77 27 7 65 5 83 63 91 49 79 39 76 52 69 56 48 93 89 81 72 33 35 75 25 60 64 78 31 18 66 46 10 44 32 12 88 16 34 23 2 87 98 55 0 58 11 80 59 97 24 6 26 94 4 67 95 15 38 1 36 3 50 45 71 8 22 73 92 53 96 13 43 28 9 99 86 47 85 54 29 62 30 19 74 51 14 40 20 90 82 37 84 
TEST 182 ARG:69 53 28 61 10 91 13 34 24 52 33 81 59 7 62 6 89 56 86 46 58 26 0 21 12 27 18 96 80 74 15 66 1 82 72 11 77 73 16 30 71 43 17 94 83 57 51 4 3 55 22 39 76 93 48 44 38 70 41 64 8 42 92 65 84 99 31 87 49 50 63 68 5 29 54 14 23 75 79 85 67 9 90 19 20 45 32 47 78 95 97 88 36 37 40 35 98 60 2 25 
TEST 183 ARG:74 84 38 51 98 18 30 95 33 24 43 14 58 20 55 2 72 7 93 89 44 76 15 99 82 71 83 52 63 19 57 81 96 87 26 34 37 56 60 39 70 11 64 8 13 86 12 94 22 69 79 88 53 90 48 21 45 41 66 3 61 40 47 25 1 54 85 5 32 36 10 0 46 42 6 31 23 59 67 50 4 97 9 29 77 75 62 92 49 65 35 78 17 16 73 28 91 27 80 68 
TEST 184 ARG:39 13 9 78 58 71 26 60 32 89 83 27 95 3 33 51 11 16 98 64 57 14 20 97 68 8 46 44 48 81 84 29 45 15 38 18 94 52 1 23 0 59 5 34 62 70 12 24 85 2 93 91 75 55 35 76 47 43 74 66 17 36 4 30 79 88 50 31 56 53 61 80 19 65 10 6 96 37 28 7 86 92 87 73 67 21 77 49 69 25 90 42 82 72 22 54 41 99 40 63 
TEST 185 ARG:63 58 87 70 74 18 15 34 23 92 72 79 13 83 8 32 50 48 43 33 91 76 46 20 66 60 78 4 64 80 0 98 12 65 59 9 97 90 39 71 52 49 93 55 77 10 6 22 26 3 35 25 16 37 69 84 11 96 54 41 7 5 94 53 73 51 85 1 30 68 27 2 36 24 88 89 17 61 56 95 47 45 81 21 31 86 40 82 42 29 99 19 38 28 67 44 57 62 14 75 
TEST 186 ARG:30 68 71 52 15 36 69 94 10 70 79 82 40 57 59 73 83 2 65 32 33 74 77 78 19 53 16 54 14 35 98 11 88 97 99 31 50 27 46 95 0 18 61 76 85 1 91 23 7 29 48 56 37 41 80 25 60 6 28 4 22 49 8 89 66 81 24 47 92 62 90 87 67 75 17 72 3 45 51 44 12 34 38 39 5 64 96 84 42 20 9 58 43 13 55 26 21 63 93 86 
TEST 187 ARG:65 48 89 6 2 81 60 3 51 87 24 57 14 90 58 34 40 30 91 13 75 49 71 85 50 17 97 0 62 27 66 43 93 76 99 74 8 64 54 63 95 15 12 77 96 55 86 46 98 38 20 22 72 41 84 78 25 4 28 19 31 32 56 67 9 61 7 16 70 36 45 33 94 42 88 18 80 10 68 26 59 29 21 5 44 1 79 37 52 82 73 53 92 23 69 35 39 83 11 47 
TEST 188 ARG:92 60 23 42 67 14 17 44 0 5 49 50 86 52 75 68 10 95 41 45 74 66 33 46 19 37 89 62 27 97 24 84 20 59 53 79 71 99 82 76 61 85 48 65 96 58 38 54 4 78 16 1 26 81 35 29 72 57 30 88 83 51 32 93 91 13 34 2 3 73 39 15 11 12 80 25 31 94 56 55 18 22 9 87 70 64 21 98 7 43 36 47 63 6 40 28 90 77 69 8 
TEST 189 ARG:70 83 44 14 17 62 96 63 9 61 41 12 60 2 46 54 94 10 53 36 6 76 42 85 55 50 67 51 92 86 88 49 77 30 64 24 40 4 45 0 98 23 34 75 43 58 93 47 69 22 82 87 16 39 74 95 7 99 5 11 31 29 21 8 59 65 15 52 66 37 71 89 90 3 20 80 91 97 19 28 78 79 18 73 81 33 27 57 1 84 32 26 35 38 68 56 25 48 72 13 
TEST 190 ARG:18 70 26 99 0 78 52 50 79 59 73 97 17 84 68 60 13 5 91 95 74 61 64 21 7 15 16 24 62 10 51 12 11 1 8 94 83 75 28 54 40 63 25 57 2 33 76 48 67 87 96 6 69 89 46 37 29 38 22 65 41 23 19 27 32 20 45 82 55 58 36 47 44 30 31 93 71 88 34 90 81 4 98 49 86 42 14 35 3 77 92 85 56 66 39 43 53 80 72 9 
TEST 191 ARG:98 67 9 79 60 85 37 16 18 31 3 41 96 11 43 66 70 73 57 45 29 20 40 76 68 97 82 94 54 58 22 72 53 0 6 8 80 5 75 86 56 49 36 81 33 88 35 13 10 83 27 95 99 34 38 30 42 78 28 44 1 14 69 24 50 32 21 2 55 89 48 52 90 65 46 87 12 63 59 19 47 93 51 4 74 7 17 91 26 25 77 84 92 61 15 39 23 64 71 62 
TEST 192 ARG:86 74 91 69 5 27 85 46 4 51 98 79 26 40 35 96 60 90 76 50 12 37 8 33 22 21 14 64 25 88 77 65 78 43 97 73 36 30 68 92 23 81 17 28 44 55 75 95 9 20 71 11 99 2 34 19 56 18 67 6 16 83 57 39 62 93 32 59 47 72 66 49 10 7 52 24 94 1 0 38 41 70 31 3 13 87 42 29 15 45 63 82 54 84 48 61 58 53 80 89 
TEST 193 ARG:63 34 35 67 75 7 76 77 88 18 56 2 28 51 6 38 64 24 44 58 52 94 45 3 54 5 49 91 47 21 0 14 90 87 89 85 16 83 27 30 8 12 69 9 71 1 84 39 11 25 42 82 96 17 22 15 46 48 20 93 99 19 4 13 40 57 37 97 36 32 55 98 70 60 43 31 61 26 41 62 92 50 86 72 81 95 65 10 78 80 68 73 33 66 59 74 29 53 23 79 
TEST 194 ARG:99 43 19 52 98 28 35 38 57 47 41 90 76 74 71 4 25 73 15 95 72 32 37 60 65 66 46 69 2 34 20 93 0 83 94 97 27 82 39 91 62 84 30 89 51 40 8 50 33 6 85 59 61 14 48 36 55 64 22 3 29 17 31 75 49 92 5 88 87 42 10 16 44 23 67 80 86 11 81 70 78 21 24 63 79 53 77 56 68 18 26 12 45 58 13 96 9 54 7 1 
TEST 195 ARG:94 76 68 63 86 92 9 40 24 13 57 48 65 37 17 69 78 10 89 58 60 98 70 5 95 14 39 29 21 93 64 55 71 15 8 45 85 12 49 52 50 91 4 23 80 61 43 84 33 81 2 72 1 83 7 46 73 77 54 96 53 51 87 56 62 82 38 35 30 66 31 97 25 99 34 42 22 3 90 47 26 75 19 88 59 27 32 0 44 20 67 28 18 41 6 16 36 11 74 79 
TEST 196 ARG:34 93 25 51 42 71 26 95 28 22 62 83 97 63 30 16 17 11 5 84 98 60 64 91 99 43 0 65 23 1 94 46 18 80 10 33 87 72 12 70 79 7 77 56 41 58 76 59 54 44 20 14 81 61 13 4 31 86 69 24 29 2 53 88 73 36 89 74 82 48 67 55 6 9 19 57 40 78 8 45 50 3 96 68 85 66 90 49 15 39 27 75 92 52 35 47 37 38 32 21 
TEST 197 ARG:24 18 88 2 21 91 65 7 99 51 90 96 19 93 97 82 6 87 32 37 4 50 48 56 9 92 71 85 79 80 55 10 25 11 74 28 41 77 27 68 42 43 60 64 98 57 53 84 81 8 83 22 38 62 52 59 0 54 17 69 39 13 23 30 3 31 40 29 72 34 12 47 63 75 35 70 61 16 44 67 78 45 66 33 36 86 76 5 46 49 73 95 26 58 1 15 94 20 14 89 
TEST 198 ARG:41 88 51 1 39 60 10 90 59 12 13 37 62 50 93 69 99 74 52 33 63 94 56 91 95 18 65 5 97 83 79 2 80 70 40 4 68 58 7 38 20 28 15 43 85 72 14 36 31 45 0 71 77 19 92 84 42 82 89 26 29 57 30 44 25 32 98 55 66 8 21 61 16 17 34 53 3 76 47 24 9 46 48 22 27 73 86 81 49 54 23 87 78 75 64 11 6 96 35 67 
TEST 199 ARG:12 83 38 31 71 89 86 74 8 19 34 73 90 0 87 15 13 93 63 80 18 59 14 58 68 33 72 52 45 43 23 53 96 61 30 76 49 10 78 99 3 98 44 35 47 69 21 84 42 77 9 62 28 29 37 16 60 46 92 17 95 94 67 32 54 11 2 22 25 91 65 81 50 57 1 20 26 64 51 39 55 6 40 41 27 48 85 82 75 97 7 4 5 70 66 56 88 79 24 36 
TEST 200 ARG:95 9 1 68 37 30 19 59 98 89 24 43 10 74 61 35 16 5 17 21 63 72 70 7 53 41 64 31 48 11 13 78 62 14 97 60 39 51 45 46 47 34 73 36 0 32 79 2 15 57 8 96 71 4 84 66 6 99 55 52 40 25 58 22 33 91 54 75 87 81 76 83 38 80 94 26 69 3 82 28 42 50 12 85 92 65 23 29 49 86 56 90 20 88 93 67 18 77 44 27 
TEST 201 ARG:44 45 9 25 38 93 67 51 22 16 47 82 78 2 73 72 53 66 34 76 24 98 41 64 89 61 65 28 19 79 85 29 46 69 58 23 81 42 90 40 10 13 52 26 11 27 91 70 55 62 32 92 71 30 87 86 49 94 60 83 15 57 5 37 36 77 21 96 18 80 14 17 35 0 12 68 50 97 48 88 95 75 20 54 1 7 8 63 39 3 43 31 33 6 74 84 99 56 4 59 
Multiple size <= 500
TEST 1 ARG:-31 80 65 40 -200 150 -44 -162 -29 239 227 220 185 244 -156 214 112 0 176 -13 59 228 151 -211 -33 246 -133 169 204 -230 156 -166 -189 -4 144 98 145 217 107 162 114 -155 106 -117 213 -239 -73 216 -85 -225 104 -2 -55 -247 -126 -140 -41 -23 210 -146 117 238 101 -52 -150 31 -75 -46 74 -159 -72 157 109 -121 44 -27 50 -91 -147 -99 83 -245 -246 237 -83 -92 206 34 53 -61 168 -68 16 172 -241 212 -195 -43 46 -37 -36 218 -22 -201 166 -69 24 -190 87 -7 105 81 118 22 -54 -169 -71 -20 -39 -79 223 111 93 195 115 194 121 -202 -87 64 -203 -212 -97 -222 42 -122 178 -235 26 -193 -119 -186 -66 85 -179 48 2 175 224 -127 -74 222 183 -192 120 207 141 -26 29 58 -106 -180 99 -134 -188 -164 -51 152 55 -110 189 -215 54 203 -139 180 234 -160 137 136 196 126 62 18 57 177 37 100 191 248 128 -112 -86 103 -84 39 158 211 -152 -24 -8 -219 187 116 72 -168 173 -223 108 127 -177 -90 -154 73 6 171 95 192 -209 75 199 154 61 -96 43 45 -47 1 125 155 164 -143 -15 -185 -165 160 163 -214 -198 -108 197 13 153 146 -196 68 140 89 231 230 -183 241 -9 -236 71 215 -128 3 -49 -145 21 12 -221 -48 -142 179 10 78 -248 -132 -105 20 56 198 -227 -234 134 41 -38 96 -120 -53 247 88 -224 -81 -1 -78 79 -243 -21 130 84 -62 -57 -40 243 90 -95 -172 -153 52 70 -204 182 -137 245 113 170 -175 159 -228 -226 -107 147 -30 167 -5 110 33 -124 -238 -158 -144 131 225 -232 -3 -191 -102 -58 149 -231 138 15 -218 30 -233 201 -130 91 -141 -76 97 -28 193 -6 139 -170 242 38 -103 -64 -138 124 11 226 27 -63 -104 209 25 188 -149 -98 229 -229 -50 184 190 -17 -35 235 -113 -109 -205 32 -65 17 51 60 69 49 161 -250 35 -135 -67 -10 -16 135 -12 -59 -199 -244 -101 82 -116 77 -94 19 181 -70 -197 -131 36 -148 -32 174 76 -220 -208 -77 -240 132 -151 -56 202 -161 148 -173 -123 -42 -194 -129 -11 -184 129 28 123 -157 -171 -174 142 -163 122 236 8 63 -213 -34 -18 14 -181 5 -176 -100 -14 4 -237 -187 133 -206 -178 -19 -249 219 -82 67 102 94 -89 86 119 23 -60 249 205 66 9 7 -111 240 -136 92 -182 -45 186 -88 -242 -93 208 200 165 -167 -114 -125 47 -115 -216 221 232 -25 -80 -207 143 -118 233 -217 -210 
TEST 2 ARG:214 47 33 71 -247 134 -40 128 65 -159 173 50 -248 -47 97 -171 87 -12 244 -69 209 187 180 222 154 157 -120 13 126 16 205 156 -131 -203 200 196 143 -8 161 -188 85 -223 -94 -9 -167 -22 -235 189 -74 -91 165 150 -198 146 122 -162 74 -19 -147 11 -184 -136 -78 -164 136 -107 -176 46 193 219 132 -186 213 -79 -249 -135 100 141 -34 227 30 175 -67 -219 -228 138 -234 127 61 56 107 -81 203 -50 163 -18 216 -143 246 220 66 106 -117 9 201 -187 218 -6 248 35 -178 -63 151 -145 -89 89 -209 39 125 105 -238 -80 8 -43 -5 -138 243 176 -2 237 236 75 -148 -137 -45 -237 82 -242 -151 148 229 -66 17 210 115 -226 -132 -133 41 37 5 183 153 21 63 -173 -84 24 -144 79 -60 34 -11 64 -48 -128 160 -13 -3 113 -124 23 -21 90 -250 -150 224 -199 -30 -59 121 -210 -96 -243 -214 155 72 111 239 32 -93 -139 38 -55 -241 -201 -130 -168 -86 3 -175 -180 172 177 212 86 -177 238 4 -211 -129 116 -207 44 -26 -146 140 -232 -111 -224 185 14 27 192 -7 131 159 145 -125 -33 36 -225 137 -231 -192 -97 -194 -160 -70 95 -140 -28 123 -92 171 -157 -221 45 -20 -16 245 -114 -62 190 96 69 -196 92 -229 199 207 -64 -27 -83 234 -169 -153 -122 -161 -35 202 112 -113 108 -141 -29 242 102 -165 -44 99 -166 -65 -101 -75 -222 147 215 -189 -109 53 -239 178 225 -190 -105 18 164 119 -110 -185 -72 -181 -170 15 58 -200 -121 231 120 110 -39 204 101 80 -46 -24 186 -68 -218 -49 -154 -244 55 19 217 -246 60 -118 -123 -36 158 179 226 57 232 -197 -240 152 129 25 -213 48 -149 -57 -119 174 54 -172 -155 118 49 166 67 -95 -215 -182 206 29 191 -51 104 211 40 73 197 -227 20 62 6 2 -152 -71 88 10 -230 -233 -204 194 223 -217 -98 77 -100 -25 169 -15 124 241 -41 188 -10 198 51 249 -14 -205 -158 -85 -1 43 144 -245 -134 -142 78 -156 -195 -115 -42 -202 -37 -127 -126 208 -73 -88 -174 -112 181 0 -99 -77 -23 52 142 233 -90 184 -58 83 94 247 68 76 -56 42 -82 -61 133 -4 70 -163 -183 168 -116 135 -236 7 170 -103 -104 93 -216 -52 -206 -54 59 -191 195 -179 221 -87 -208 12 -53 167 -220 26 22 -212 -38 91 -31 -17 130 139 162 149 182 98 228 235 117 103 81 31 114 230 109 240 28 -76 -102 -193 -32 1 -106 -108 84 
TEST 3 ARG:188 152 162 -26 -171 -182 3 -113 24 -21 122 -174 48 181 -141 36 153 175 -225 -188 -158 -23 112 -4 110 -166 -20 90 -72 -241 144 228 -54 5 -132 198 -16 84 -12 -236 -195 210 197 -192 -41 190 -127 74 -104 83 47 68 222 -95 56 -153 -135 99 11 174 53 -210 107 216 242 -161 79 -40 17 -19 -184 40 229 202 27 93 128 -100 -96 236 151 -185 212 124 159 -140 -177 -43 -102 13 -145 -48 61 -200 116 -25 91 -221 -94 139 -63 96 -61 -250 54 191 129 89 16 -234 185 231 241 104 211 -64 225 -57 -232 -65 -76 203 -242 176 -87 29 -88 -115 -136 -139 -82 -156 -216 146 132 -97 86 -167 39 18 -218 -173 166 -36 -101 -240 98 67 -138 -2 50 28 22 72 -59 21 -148 -229 45 -150 -191 119 -60 30 109 101 -129 -118 34 -207 179 -17 156 41 142 217 169 -128 -179 -223 206 -162 233 215 102 57 -189 2 -27 -18 -81 9 -49 111 163 171 143 26 92 -143 -106 -149 -204 100 -109 -7 -163 -230 133 -33 -147 42 -117 227 -74 177 147 230 114 25 -58 -47 95 -208 10 69 -3 186 -186 184 49 -178 76 -111 23 -67 178 -125 247 150 158 -14 115 154 97 232 -46 -22 75 52 -199 -68 220 243 -122 66 -120 157 15 130 -238 70 0 238 -90 73 -53 -8 -50 -24 160 -28 182 55 -203 187 31 -103 -248 -168 64 59 161 164 239 20 82 149 117 -152 140 -205 -86 -247 -126 -1 -29 7 -249 -239 -154 -89 38 -73 80 -44 46 -38 -114 -45 -220 135 -75 -108 167 -77 77 145 223 -124 -37 208 -226 -151 -70 32 -119 213 71 65 106 -172 -56 244 37 -131 -52 -31 -142 -69 -39 136 -32 221 123 189 -78 194 -219 -144 -202 121 103 -133 -181 58 -194 -6 1 141 195 -169 -211 -196 200 33 137 -209 -92 -84 214 60 237 155 4 78 14 43 -217 -11 -197 -201 183 126 209 -105 -164 138 -243 -206 201 62 35 -130 193 -224 -235 -180 -121 -34 118 -107 6 240 -51 -215 -5 170 -85 207 -110 -160 -9 -15 -157 -155 -212 -175 -80 -13 -190 248 85 131 88 -198 -112 81 246 87 -42 94 199 180 -246 204 113 -183 172 218 -170 -93 -98 219 -245 19 -99 63 127 -71 -123 -66 -79 120 249 -228 148 -10 224 51 -137 165 -222 -233 -231 -187 -134 -146 168 192 -159 12 134 108 -91 -193 44 234 -116 8 -176 -30 235 245 205 -35 226 -165 196 105 -83 -227 -55 -237 -62 173 -244 125 -213 -214 
TEST 4 ARG:3 -245 -86 183 242 155 -73 42 -104 -197 131 129 158 -225 -173 -184 48 -186 46 -17 171 234 -7 98 6 121 -227 29 212 172 103 -52 186 -133 225 -112 140 -159 35 199 -221 57 177 18 141 15 85 -13 -152 204 189 139 -6 26 -198 1 27 153 -202 136 165 44 -151 -138 88 93 -88 -155 71 94 -139 -2 96 -117 -19 190 -163 -218 -24 -116 -146 198 -37 39 28 -125 -214 161 -89 184 22 235 200 245 -209 50 -60 89 181 123 91 -11 244 86 -65 -32 226 43 -48 -59 180 90 -101 208 -69 -90 -38 211 -124 -169 -208 106 92 206 -238 -75 -50 -170 -224 195 233 215 -120 -220 230 115 -49 -207 221 -199 -44 -25 146 -53 108 213 130 -179 247 -77 47 67 -229 -247 -231 -195 110 37 144 217 -171 -150 -103 125 -210 14 -9 174 -205 -97 -51 120 248 21 -96 -201 -204 78 -84 126 -182 105 -181 -64 238 -92 -56 -12 187 -161 -55 162 -188 -242 227 10 -63 63 -23 218 -160 -93 -196 -79 -3 122 191 25 157 49 -36 -233 149 -144 -246 -192 16 192 -235 -118 152 -191 17 -70 -54 -62 53 -121 97 -149 32 54 -175 -21 -58 -131 -157 -81 -248 -83 -232 111 80 232 5 62 -71 160 -126 -172 -215 107 95 231 -66 101 55 -57 -236 -99 -34 81 36 -140 137 0 -43 -158 60 170 196 182 -165 -217 -107 -87 -222 -162 224 -115 -46 83 23 194 -129 145 -168 132 214 237 151 -127 147 -203 64 40 114 102 109 -189 128 178 51 119 220 -29 104 -244 -1 166 -167 219 -27 -41 -130 -237 -18 133 13 249 31 -100 77 -123 223 -45 207 12 163 -132 -219 -14 87 59 -28 -212 -174 127 205 -76 -240 -15 209 61 -177 -105 116 -137 154 229 58 -185 30 246 -91 124 -194 -148 239 -128 -47 -187 148 -216 -230 135 168 -85 188 4 134 236 -72 73 -135 -119 -94 45 -108 -35 7 -134 -39 222 -78 185 -136 -30 -141 -190 159 -80 240 -31 68 113 -213 41 -109 11 -10 66 -164 117 -183 -243 52 210 34 72 79 -22 203 9 173 -250 -20 24 100 202 156 20 84 65 -42 -249 241 193 2 -26 201 -153 -239 142 -122 197 75 -200 -241 8 -8 -234 216 69 99 19 138 33 -68 164 167 -98 -114 74 -166 -228 -176 -106 118 179 -33 38 150 -211 56 -67 -113 -111 143 -16 -40 -178 -154 76 -206 -61 -110 -223 70 112 228 243 -147 -193 -145 -226 -74 -156 -4 175 176 -180 169 -143 82 -142 -95 -5 -102 -82 
TEST 5 ARG:122 -170 44 76 92 -42 216 -85 -78 -230 70 143 -138 -215 -56 -103 -39 84 -119 116 204 88 -123 -194 141 -64 18 -30 -144 -187 51 -57 56 -185 195 35 -25 101 -222 -14 -108 135 179 -140 236 52 114 -21 -118 -157 -99 244 -221 -132 -211 72 79 -150 40 -90 -244 -239 -198 -125 199 -154 212 181 -68 -120 59 -62 -186 -242 214 3 -61 38 33 24 198 -209 -66 94 213 172 14 -73 -139 -184 139 -146 -38 36 -34 -12 156 -3 -181 -2 -224 -219 -238 -213 -63 43 182 207 -80 -105 99 16 46 187 -5 -212 136 -143 184 146 197 -72 -86 171 34 232 68 96 83 -95 -122 -126 -226 193 247 -168 227 166 222 237 -155 -20 112 -100 215 -113 -37 -83 217 -84 5 -164 159 167 158 -231 200 -151 127 -93 32 183 -200 -36 7 -240 191 37 -246 64 148 155 -193 10 -102 -98 54 205 4 165 97 128 120 -232 -225 117 121 134 12 -236 -135 -115 -174 -51 180 13 -196 -201 119 95 49 108 -197 47 -205 -13 -60 -110 174 -178 106 242 -101 -67 -137 -134 -41 73 161 -35 86 -237 208 -27 -97 -189 113 100 29 60 168 -24 87 -22 -248 196 138 6 115 194 -217 -29 111 -48 65 -15 -74 -69 137 147 151 -153 71 150 224 69 45 175 140 81 -111 25 -107 220 57 -88 -8 226 -208 -59 -131 132 202 63 192 17 241 41 26 -127 130 -128 -18 75 91 -33 176 -17 -47 23 -75 239 211 -121 -206 -89 -109 80 -203 186 30 -233 221 -4 -245 235 154 -159 129 169 42 -53 188 -158 85 -141 -220 9 144 -77 58 22 15 0 201 11 66 -104 133 -46 -199 -228 -241 124 -218 157 163 -44 -117 -161 -249 248 -55 209 240 223 -94 -112 109 -11 90 -40 48 -160 -23 229 233 -192 -190 -195 189 145 -223 50 -7 -32 -70 -16 -54 -235 -79 -87 228 190 -52 -148 27 -171 -106 231 243 -92 21 -166 -45 -183 152 210 -163 -6 74 -81 93 -180 -49 170 126 123 -50 -152 -210 8 118 62 -26 -173 -19 -28 164 160 105 1 -229 39 102 -182 20 -207 -169 -227 -114 -188 -165 53 173 162 82 203 55 -130 -91 -191 98 -156 -65 78 -243 -10 -31 238 230 153 104 185 234 89 -71 -1 -76 218 149 -247 -250 -43 125 -202 249 177 -172 -136 245 -175 77 -149 -204 -9 -147 -234 2 206 -142 -167 225 142 67 -176 131 -214 19 -116 61 -162 -179 246 28 -133 -177 -216 110 178 219 -129 -145 -82 -96 -58 31 103 107 -124 
TEST 6 ARG:-136 -123 39 243 -220 -49 163 -168 42 -74 249 -10 -240 -206 33 91 -47 -194 -130 138 -144 51 -48 -236 -99 124 -59 -83 106 -235 -191 -100 84 208 199 -107 -15 -192 71 248 -149 48 65 90 -221 -167 -93 -102 -231 -81 198 22 37 7 -5 -77 -127 -233 -239 -169 -243 -200 107 41 -121 0 12 -2 193 -79 -42 -218 -113 128 8 125 -30 241 4 -246 -172 -135 -237 177 -223 155 221 92 180 -129 -3 -55 239 85 -34 -67 145 82 -215 83 -238 57 -24 224 168 -64 -8 -40 247 -105 -29 -250 142 61 110 81 47 -6 21 226 -148 148 234 68 18 -143 50 146 -94 112 89 87 236 178 79 104 164 -176 -109 -190 -82 -9 26 -150 -229 179 -22 181 -56 63 93 -21 -46 -57 227 66 -177 245 -73 -63 -173 -87 -180 -227 75 -188 103 -12 -195 165 -234 49 203 32 -141 -204 -84 -86 72 -162 122 -138 137 -126 -184 190 204 -96 -189 96 -226 55 192 214 223 -170 -31 -118 154 -140 -242 24 98 127 -13 -155 -36 170 23 31 -207 116 147 -247 44 29 229 -193 -153 -181 184 -106 35 17 135 -214 218 -164 -28 43 102 156 113 -116 167 95 -133 136 211 -33 -224 -198 216 231 -142 -23 -62 76 -103 62 1 161 230 99 101 -201 -182 5 196 80 -145 28 130 -228 173 27 244 -151 -16 140 -25 111 -128 -166 -72 -179 205 -75 195 15 88 175 69 213 189 -101 25 86 166 232 -124 -27 -97 114 -7 219 187 -17 54 -154 94 158 45 183 -222 30 -137 67 -20 -122 144 -60 56 169 -197 -174 -111 -45 -41 78 150 -32 222 -158 -18 -178 -159 240 -51 105 53 -147 -98 132 -114 -58 -35 40 -187 59 97 235 201 -156 -157 20 3 172 19 64 -26 -216 9 -69 -152 228 -119 176 210 119 -175 -89 -210 34 -203 -115 133 -43 129 -78 -117 16 117 246 153 -139 -54 -217 -146 209 -125 -95 -241 -4 -80 118 -211 100 -68 -120 160 -171 159 13 77 109 115 -90 -161 -132 141 206 -249 -131 149 -225 14 -110 -66 123 157 139 -1 -183 -230 -19 -165 126 233 197 11 -76 171 174 194 207 -212 182 -196 -208 212 74 -91 -65 -50 -202 151 -85 -232 -38 73 70 -39 -244 121 -44 -245 -37 143 58 38 60 -219 -92 237 -213 -112 -53 -104 238 -186 -11 -163 -108 -52 -248 185 131 217 108 -205 -134 120 188 36 -185 -199 2 202 225 -61 -209 -71 6 10 -160 215 200 152 191 186 -70 134 242 46 -88 220 162 -14 52 
